# lat,lng,id,name,building_type,type,url,page_type
# Vittorio Veneto -- Tutti
45.987104,12.319426,ov_presidio_ospedaliero_di_vittorio_veneto_45.9871_12.3194,Presidio Ospedaliero di Vittorio Veneto,HOSPITAL,hospital,https://raw.githubusercontent.com/pasqualelembo78/huntix-poi/main/italia/trentino-aa/vittorio_veneto/pages/presidio_ospedaliero_di_vittorio_veneto_45.9871_12.3194.json,custom
45.987346,12.319600,ov_ospedale_vittorio_veneto_45.9873_12.3196,Ospedale Vittorio Veneto,HOSPITAL,hospital,https://raw.githubusercontent.com/pasqualelembo78/huntix-poi/main/italia/trentino-aa/vittorio_veneto/pages/ospedale_vittorio_veneto_45.9873_12.3196.json,custom
45.980177,12.310674,ov_centro_di_medicina___vittorio_veneto_45.9802_12.3107,Centro Di Medicina - Vittorio Veneto,HOSPITAL,hospital,https://raw.githubusercontent.com/pasqualelembo78/huntix-poi/main/italia/trentino-aa/vittorio_veneto/pages/centro_di_medicina_-_vittorio_veneto_45.9802_12.3107.json,custom
45.997617,12.290875,ov_distretto_nord_vittorio_veneto_45.9976_12.2909,Distretto Nord Vittorio Veneto,HOSPITAL,hospital,https://raw.githubusercontent.com/pasqualelembo78/huntix-poi/main/italia/trentino-aa/vittorio_veneto/pages/distretto_nord_vittorio_veneto_45.9976_12.2909.json,custom
45.987234,12.318724,osm_pronto_soccorso_ospedale_vittorio_veneto_45.9872_12.3187,Pronto Soccorso Ospedale Vittorio Veneto,hospital,hospital,https://raw.githubusercontent.com/pasqualelembo78/huntix-poi/main/italia/trentino-aa/vittorio_veneto/pages/pronto_soccorso_ospedale_vittorio_veneto_45.9872_12.3187.json,custom
45.987437,12.320611,osm_presidio_ospedaliero_di_vittorio_veneto_45.9874_12.3206,Presidio Ospedaliero di Vittorio Veneto,hospital,hospital,https://raw.githubusercontent.com/pasqualelembo78/huntix-poi/main/italia/trentino-aa/vittorio_veneto/pages/presidio_ospedaliero_di_vittorio_veneto_45.9874_12.3206.json,custom
45.936315,12.270340,ov_kolonia_osteria_contemporanea_45.9363_12.2703,Kolonia Osteria Contemporanea,RESTAURANT,ristorante,https://raw.githubusercontent.com/pasqualelembo78/huntix-poi/main/italia/trentino-aa/vittorio_veneto/pages/kolonia_osteria_contemporanea_45.9363_12.2703.json,custom
45.945491,12.279459,ov_al_larin_da_bepo_45.9455_12.2795,Al Larin da Bepo,RESTAURANT,ristorante,https://raw.githubusercontent.com/pasqualelembo78/huntix-poi/main/italia/trentino-aa/vittorio_veneto/pages/al_larin_da_bepo_45.9455_12.2795.json,custom
45.953633,12.263836,ov_agriturismo_moro_barel_45.9536_12.2638,Agriturismo Moro Barel,RESTAURANT,ristorante,https://raw.githubusercontent.com/pasqualelembo78/huntix-poi/main/italia/trentino-aa/vittorio_veneto/pages/agriturismo_moro_barel_45.9536_12.2638.json,custom
45.949354,12.259939,ov_agriturismo_althea_45.9494_12.2599,Agriturismo Althea,RESTAURANT,ristorante,https://raw.githubusercontent.com/pasqualelembo78/huntix-poi/main/italia/trentino-aa/vittorio_veneto/pages/agriturismo_althea_45.9494_12.2599.json,custom
45.988483,12.276276,ov_ristorante_san_lorenzo_45.9885_12.2763,Ristorante San Lorenzo,RESTAURANT,ristorante,https://raw.githubusercontent.com/pasqualelembo78/huntix-poi/main/italia/trentino-aa/vittorio_veneto/pages/ristorante_san_lorenzo_45.9885_12.2763.json,custom
45.971337,12.281522,ov_osteria_ae_perdonanze_45.9713_12.2815,Osteria ae Perdonanze,RESTAURANT,ristorante,https://raw.githubusercontent.com/pasqualelembo78/huntix-poi/main/italia/trentino-aa/vittorio_veneto/pages/osteria_ae_perdonanze_45.9713_12.2815.json,custom
45.962180,12.283900,ov_agriturismo_le_colline_dal_1990_45.9622_12.2839,Agriturismo Le Colline dal 1990,RESTAURANT,ristorante,https://raw.githubusercontent.com/pasqualelembo78/huntix-poi/main/italia/trentino-aa/vittorio_veneto/pages/agriturismo_le_colline_dal_1990_45.9622_12.2839.json,custom
45.956089,12.290647,ov_graner_45.9561_12.2906,Graner,RESTAURANT,ristorante,https://raw.githubusercontent.com/pasqualelembo78/huntix-poi/main/italia/trentino-aa/vittorio_veneto/pages/graner_45.9561_12.2906.json,custom
45.958674,12.309645,ov_l_hosteria_45.9587_12.3096,L'Hosteria,RESTAURANT,ristorante,https://raw.githubusercontent.com/pasqualelembo78/huntix-poi/main/italia/trentino-aa/vittorio_veneto/pages/lhosteria_45.9587_12.3096.json,custom
45.965541,12.319638,ov_raviolo_d_oro_45.9655_12.3196,Raviolo D'Oro,RESTAURANT,ristorante,https://raw.githubusercontent.com/pasqualelembo78/huntix-poi/main/italia/trentino-aa/vittorio_veneto/pages/raviolo_doro_45.9655_12.3196.json,custom
45.966369,12.319014,ov_mani_in_pasta_45.9664_12.3190,Mani in Pasta,RESTAURANT,ristorante,https://raw.githubusercontent.com/pasqualelembo78/huntix-poi/main/italia/trentino-aa/vittorio_veneto/pages/mani_in_pasta_45.9664_12.3190.json,custom
45.976806,12.293970,ov_la_loggia_45.9768_12.2940,La Loggia,RESTAURANT,ristorante,https://raw.githubusercontent.com/pasqualelembo78/huntix-poi/main/italia/trentino-aa/vittorio_veneto/pages/la_loggia_45.9768_12.2940.json,custom
45.974918,12.294101,ov_pub_vecchia_ceneda_45.9749_12.2941,Pub Vecchia Ceneda,RESTAURANT,ristorante,https://raw.githubusercontent.com/pasqualelembo78/huntix-poi/main/italia/trentino-aa/vittorio_veneto/pages/pub_vecchia_ceneda_45.9749_12.2941.json,custom
45.977724,12.302897,ov_ristorante_al_sole_45.9777_12.3029,Ristorante Al Sole,RESTAURANT,ristorante,https://raw.githubusercontent.com/pasqualelembo78/huntix-poi/main/italia/trentino-aa/vittorio_veneto/pages/ristorante_al_sole_45.9777_12.3029.json,custom
45.977097,12.298163,ov_la_stazionetta_45.9771_12.2982,La Stazionetta,RESTAURANT,ristorante,https://raw.githubusercontent.com/pasqualelembo78/huntix-poi/main/italia/trentino-aa/vittorio_veneto/pages/la_stazionetta_45.9771_12.2982.json,custom
45.981660,12.302030,ov_osteria_da_carlo_45.9817_12.3020,Osteria da Carlo,RESTAURANT,ristorante,https://raw.githubusercontent.com/pasqualelembo78/huntix-poi/main/italia/trentino-aa/vittorio_veneto/pages/osteria_da_carlo_45.9817_12.3020.json,custom
45.981740,12.297500,ov_tanta_roba_pizzeria_focacceria_45.9817_12.2975,Tanta Roba Pizzeria Focacceria,RESTAURANT,ristorante,https://raw.githubusercontent.com/pasqualelembo78/huntix-poi/main/italia/trentino-aa/vittorio_veneto/pages/tanta_roba_pizzeria_focacceria_45.9817_12.2975.json,custom
45.991808,12.293968,ov_meet_sushi_experience_45.9918_12.2940,Meet Sushi Experience,RESTAURANT,ristorante,https://raw.githubusercontent.com/pasqualelembo78/huntix-poi/main/italia/trentino-aa/vittorio_veneto/pages/meet_sushi_experience_45.9918_12.2940.json,custom
45.991840,12.293938,ov_sushi_shiro_45.9918_12.2939,Sushi Shiro,RESTAURANT,ristorante,https://raw.githubusercontent.com/pasqualelembo78/huntix-poi/main/italia/trentino-aa/vittorio_veneto/pages/sushi_shiro_45.9918_12.2939.json,custom
45.991984,12.293977,ov_pizzalonga_away_45.9920_12.2940,Pizzalonga Away,RESTAURANT,ristorante,https://raw.githubusercontent.com/pasqualelembo78/huntix-poi/main/italia/trentino-aa/vittorio_veneto/pages/pizzalonga_away_45.9920_12.2940.json,custom
45.991059,12.294357,ov_pizzeria_la_tarantella_45.9911_12.2944,Pizzeria La Tarantella,RESTAURANT,ristorante,https://raw.githubusercontent.com/pasqualelembo78/huntix-poi/main/italia/trentino-aa/vittorio_veneto/pages/pizzeria_la_tarantella_45.9911_12.2944.json,custom
45.990208,12.293981,ov_hotel_flora_45.9902_12.2940,Hotel Flora,RESTAURANT,ristorante,https://raw.githubusercontent.com/pasqualelembo78/huntix-poi/main/italia/trentino-aa/vittorio_veneto/pages/hotel_flora_45.9902_12.2940.json,custom
45.989172,12.295172,ov_bar_lux_45.9892_12.2952,Bar Lux,RESTAURANT,ristorante,https://raw.githubusercontent.com/pasqualelembo78/huntix-poi/main/italia/trentino-aa/vittorio_veneto/pages/bar_lux_45.9892_12.2952.json,custom
45.988499,12.297609,ov_pizzeria_ristorante_margherita_45.9885_12.2976,Pizzeria Ristorante Margherita,RESTAURANT,ristorante,https://raw.githubusercontent.com/pasqualelembo78/huntix-poi/main/italia/trentino-aa/vittorio_veneto/pages/pizzeria_ristorante_margherita_45.9885_12.2976.json,custom
45.989399,12.296725,ov_al_crostino___vittorio_veneto_45.9894_12.2967,Al Crostino - Vittorio Veneto,RESTAURANT,ristorante,https://raw.githubusercontent.com/pasqualelembo78/huntix-poi/main/italia/trentino-aa/vittorio_veneto/pages/al_crostino_-_vittorio_veneto_45.9894_12.2967.json,custom
45.988882,12.295986,ov_apna_punjab_ristorante_45.9889_12.2960,Apna Punjab Ristorante,RESTAURANT,ristorante,https://raw.githubusercontent.com/pasqualelembo78/huntix-poi/main/italia/trentino-aa/vittorio_veneto/pages/apna_punjab_ristorante_45.9889_12.2960.json,custom
45.990320,12.299430,ov_elia_kebab___piadineria_45.9903_12.2994,Elia Kebab & Piadineria,RESTAURANT,ristorante,https://raw.githubusercontent.com/pasqualelembo78/huntix-poi/main/italia/trentino-aa/vittorio_veneto/pages/elia_kebab_piadineria_45.9903_12.2994.json,custom
45.989891,12.298790,ov_pizzeria_da_gennaro_45.9899_12.2988,Pizzeria Da Gennaro,RESTAURANT,ristorante,https://raw.githubusercontent.com/pasqualelembo78/huntix-poi/main/italia/trentino-aa/vittorio_veneto/pages/pizzeria_da_gennaro_45.9899_12.2988.json,custom
45.990777,12.299806,ov_la_taverna_45.9908_12.2998,La Taverna,RESTAURANT,ristorante,https://raw.githubusercontent.com/pasqualelembo78/huntix-poi/main/italia/trentino-aa/vittorio_veneto/pages/la_taverna_45.9908_12.2998.json,custom
45.987254,12.299188,ov_canada_s_burger_45.9873_12.2992,Canada's Burger,RESTAURANT,ristorante,https://raw.githubusercontent.com/pasqualelembo78/huntix-poi/main/italia/trentino-aa/vittorio_veneto/pages/canadas_burger_45.9873_12.2992.json,custom
45.987265,12.299107,ov_la_caveja_piadineria_45.9873_12.2991,la Caveja Piadineria,RESTAURANT,ristorante,https://raw.githubusercontent.com/pasqualelembo78/huntix-poi/main/italia/trentino-aa/vittorio_veneto/pages/la_caveja_piadineria_45.9873_12.2991.json,custom
45.991242,12.304421,ov_gennaro_2000_45.9912_12.3044,Gennaro 2000,RESTAURANT,ristorante,https://raw.githubusercontent.com/pasqualelembo78/huntix-poi/main/italia/trentino-aa/vittorio_veneto/pages/gennaro_2000_45.9912_12.3044.json,custom
45.987661,12.314274,ov_pizzeria_europa_45.9877_12.3143,Pizzeria Europa,RESTAURANT,ristorante,https://raw.githubusercontent.com/pasqualelembo78/huntix-poi/main/italia/trentino-aa/vittorio_veneto/pages/pizzeria_europa_45.9877_12.3143.json,custom
45.987470,12.314610,ov_farmacia_comunale_3_45.9875_12.3146,Farmacia Comunale 3,RESTAURANT,ristorante,https://raw.githubusercontent.com/pasqualelembo78/huntix-poi/main/italia/trentino-aa/vittorio_veneto/pages/farmacia_comunale_3_45.9875_12.3146.json,custom
45.986059,12.318853,ov_trattoria_da_mareva_45.9861_12.3189,Trattoria da Mareva,RESTAURANT,ristorante,https://raw.githubusercontent.com/pasqualelembo78/huntix-poi/main/italia/trentino-aa/vittorio_veneto/pages/trattoria_da_mareva_45.9861_12.3189.json,custom
45.978623,12.309529,ov_ristorante_le_macine_45.9786_12.3095,Ristorante Le Macine,RESTAURANT,ristorante,https://raw.githubusercontent.com/pasqualelembo78/huntix-poi/main/italia/trentino-aa/vittorio_veneto/pages/ristorante_le_macine_45.9786_12.3095.json,custom
45.979631,12.310859,ov_la_fenice_45.9796_12.3109,La Fenice,RESTAURANT,ristorante,https://raw.githubusercontent.com/pasqualelembo78/huntix-poi/main/italia/trentino-aa/vittorio_veneto/pages/la_fenice_45.9796_12.3109.json,custom
45.975500,12.307416,ov_japan_house_vittorio_veneto_45.9755_12.3074,Japan House Vittorio Veneto,RESTAURANT,ristorante,https://raw.githubusercontent.com/pasqualelembo78/huntix-poi/main/italia/trentino-aa/vittorio_veneto/pages/japan_house_vittorio_veneto_45.9755_12.3074.json,custom
45.975326,12.307418,ov_hanami_sushi_45.9753_12.3074,Hanami Sushi,RESTAURANT,ristorante,https://raw.githubusercontent.com/pasqualelembo78/huntix-poi/main/italia/trentino-aa/vittorio_veneto/pages/hanami_sushi_45.9753_12.3074.json,custom
45.974669,12.307421,ov_kebab_house___kebapci_aga_45.9747_12.3074,KEBAB HOUSE - Kebapci Aga,RESTAURANT,ristorante,https://raw.githubusercontent.com/pasqualelembo78/huntix-poi/main/italia/trentino-aa/vittorio_veneto/pages/kebab_house_-_kebapci_aga_45.9747_12.3074.json,custom
45.965173,12.321364,ov_pizzeria_san_marco_vittorio_veneto_45.9652_12.3214,Pizzeria San Marco Vittorio Veneto,RESTAURANT,ristorante,https://raw.githubusercontent.com/pasqualelembo78/huntix-poi/main/italia/trentino-aa/vittorio_veneto/pages/pizzeria_san_marco_vittorio_veneto_45.9652_12.3214.json,custom
45.964883,12.321833,ov_il_cocs_pizzeria_45.9649_12.3218,Il cocs pizzeria,RESTAURANT,ristorante,https://raw.githubusercontent.com/pasqualelembo78/huntix-poi/main/italia/trentino-aa/vittorio_veneto/pages/il_cocs_pizzeria_45.9649_12.3218.json,custom
45.960010,12.331050,ov_macao_gastronomia_cinese_45.9600_12.3310,Macao Gastronomia Cinese,RESTAURANT,ristorante,https://raw.githubusercontent.com/pasqualelembo78/huntix-poi/main/italia/trentino-aa/vittorio_veneto/pages/macao_gastronomia_cinese_45.9600_12.3310.json,custom
45.962373,12.325051,ov_pizzeria_oriente_45.9624_12.3251,Pizzeria Oriente,RESTAURANT,ristorante,https://raw.githubusercontent.com/pasqualelembo78/huntix-poi/main/italia/trentino-aa/vittorio_veneto/pages/pizzeria_oriente_45.9624_12.3251.json,custom
45.953640,12.290100,ov_prosecco_picnic_45.9536_12.2901,Prosecco Picnic,RESTAURANT,ristorante,https://raw.githubusercontent.com/pasqualelembo78/huntix-poi/main/italia/trentino-aa/vittorio_veneto/pages/prosecco_picnic_45.9536_12.2901.json,custom
45.951646,12.289122,ov_bistolfa__osteria_con_cucina_45.9516_12.2891,"Bistolfa, osteria con cucina",RESTAURANT,ristorante,https://raw.githubusercontent.com/pasqualelembo78/huntix-poi/main/italia/trentino-aa/vittorio_veneto/pages/bistolfa_osteria_con_cucina_45.9516_12.2891.json,custom
45.949888,12.291348,ov_bacan_al_camein_45.9499_12.2913,Bacan al Camein,RESTAURANT,ristorante,https://raw.githubusercontent.com/pasqualelembo78/huntix-poi/main/italia/trentino-aa/vittorio_veneto/pages/bacan_al_camein_45.9499_12.2913.json,custom
46.028460,12.276250,ov_osteria_da_annibale_di_luisella___raffae_46.0285_12.2762,Osteria da Annibale di Luisella & Raffaele,RESTAURANT,ristorante,https://raw.githubusercontent.com/pasqualelembo78/huntix-poi/main/italia/trentino-aa/vittorio_veneto/pages/osteria_da_annibale_di_luisella_raffaele_46.0285_12.2762.json,custom
46.007170,12.286104,ov_ristorante_mainor_46.0072_12.2861,Ristorante Mainor,RESTAURANT,ristorante,https://raw.githubusercontent.com/pasqualelembo78/huntix-poi/main/italia/trentino-aa/vittorio_veneto/pages/ristorante_mainor_46.0072_12.2861.json,custom
46.006419,12.285628,ov_ristorante_antica_vittorio_la_rustica_46.0064_12.2856,Ristorante Antica Vittorio La Rustica,RESTAURANT,ristorante,https://raw.githubusercontent.com/pasqualelembo78/huntix-poi/main/italia/trentino-aa/vittorio_veneto/pages/ristorante_antica_vittorio_la_rustica_46.0064_12.2856.json,custom
46.005276,12.285577,ov_hostaria_via_caprera_46.0053_12.2856,Hostaria Via Caprera,RESTAURANT,ristorante,https://raw.githubusercontent.com/pasqualelembo78/huntix-poi/main/italia/trentino-aa/vittorio_veneto/pages/hostaria_via_caprera_46.0053_12.2856.json,custom
46.014952,12.283782,ov_osteria_forcal_46.0150_12.2838,Osteria Forcal,RESTAURANT,ristorante,https://raw.githubusercontent.com/pasqualelembo78/huntix-poi/main/italia/trentino-aa/vittorio_veneto/pages/osteria_forcal_46.0150_12.2838.json,custom
46.002474,12.286159,ov_osteria_vecchia_serravalle_46.0025_12.2862,Osteria Vecchia Serravalle,RESTAURANT,ristorante,https://raw.githubusercontent.com/pasqualelembo78/huntix-poi/main/italia/trentino-aa/vittorio_veneto/pages/osteria_vecchia_serravalle_46.0025_12.2862.json,custom
45.999412,12.289345,ov_al_128_45.9994_12.2893,Al 128,RESTAURANT,ristorante,https://raw.githubusercontent.com/pasqualelembo78/huntix-poi/main/italia/trentino-aa/vittorio_veneto/pages/al_128_45.9994_12.2893.json,custom
45.999716,12.289940,ov_la_giraffa_45.9997_12.2899,La Giraffa,RESTAURANT,ristorante,https://raw.githubusercontent.com/pasqualelembo78/huntix-poi/main/italia/trentino-aa/vittorio_veneto/pages/la_giraffa_45.9997_12.2899.json,custom
45.998942,12.289789,ov_mulanrestaurant_vittorioveneto_45.9989_12.2898,MulanRestaurant-VittorioVeneto,RESTAURANT,ristorante,https://raw.githubusercontent.com/pasqualelembo78/huntix-poi/main/italia/trentino-aa/vittorio_veneto/pages/mulanrestaurant-vittorioveneto_45.9989_12.2898.json,custom
45.999358,12.290128,ov_trattoria_alla_cerva_45.9994_12.2901,Trattoria Alla Cerva,RESTAURANT,ristorante,https://raw.githubusercontent.com/pasqualelembo78/huntix-poi/main/italia/trentino-aa/vittorio_veneto/pages/trattoria_alla_cerva_45.9994_12.2901.json,custom
46.000662,12.287666,ov_la_riva_46.0007_12.2877,La Riva,RESTAURANT,ristorante,https://raw.githubusercontent.com/pasqualelembo78/huntix-poi/main/italia/trentino-aa/vittorio_veneto/pages/la_riva_46.0007_12.2877.json,custom
46.003184,12.292144,ov_ristoro_s__augusta_46.0032_12.2921,Ristoro S. Augusta,RESTAURANT,ristorante,https://raw.githubusercontent.com/pasqualelembo78/huntix-poi/main/italia/trentino-aa/vittorio_veneto/pages/ristoro_s_augusta_46.0032_12.2921.json,custom
45.997393,12.292843,ov_pagina_l_ultimo_spicchio_45.9974_12.2928,Pagina L'ultimo Spicchio,RESTAURANT,ristorante,https://raw.githubusercontent.com/pasqualelembo78/huntix-poi/main/italia/trentino-aa/vittorio_veneto/pages/pagina_lultimo_spicchio_45.9974_12.2928.json,custom
45.997510,12.291544,ov_sempre_queo_osteria_wine_bar_45.9975_12.2915,Sempre Queo Osteria Wine Bar,RESTAURANT,ristorante,https://raw.githubusercontent.com/pasqualelembo78/huntix-poi/main/italia/trentino-aa/vittorio_veneto/pages/sempre_queo_osteria_wine_bar_45.9975_12.2915.json,custom
45.993323,12.297374,ov_pizzeria_san_remo_45.9933_12.2974,Pizzeria San Remo,RESTAURANT,ristorante,https://raw.githubusercontent.com/pasqualelembo78/huntix-poi/main/italia/trentino-aa/vittorio_veneto/pages/pizzeria_san_remo_45.9933_12.2974.json,custom
46.052251,12.315983,ov_rebel_home_46.0523_12.3160,Rebel Home,RESTAURANT,ristorante,https://raw.githubusercontent.com/pasqualelembo78/huntix-poi/main/italia/trentino-aa/vittorio_veneto/pages/rebel_home_46.0523_12.3160.json,custom
46.017340,12.303700,ov_sogno_divino_46.0173_12.3037,Sogno DiVino,RESTAURANT,ristorante,https://raw.githubusercontent.com/pasqualelembo78/huntix-poi/main/italia/trentino-aa/vittorio_veneto/pages/sogno_divino_46.0173_12.3037.json,custom
46.023376,12.306013,ov_agriturismo_il_bosco_46.0234_12.3060,Agriturismo Il Bosco,RESTAURANT,ristorante,https://raw.githubusercontent.com/pasqualelembo78/huntix-poi/main/italia/trentino-aa/vittorio_veneto/pages/agriturismo_il_bosco_46.0234_12.3060.json,custom
46.013798,12.314372,ov_agriturismo_dal_selvaggio_46.0138_12.3144,Agriturismo dal Selvaggio,RESTAURANT,ristorante,https://raw.githubusercontent.com/pasqualelembo78/huntix-poi/main/italia/trentino-aa/vittorio_veneto/pages/agriturismo_dal_selvaggio_46.0138_12.3144.json,custom
46.006397,12.314616,ov_agriturismo_dal_selvaggio_46.0064_12.3146,Agriturismo dal Selvaggio,RESTAURANT,ristorante,https://raw.githubusercontent.com/pasqualelembo78/huntix-poi/main/italia/trentino-aa/vittorio_veneto/pages/agriturismo_dal_selvaggio_46.0064_12.3146.json,custom
46.019390,12.392841,ov_baita_fiore_sereno_46.0194_12.3928,Baita Fiore Sereno,RESTAURANT,ristorante,https://raw.githubusercontent.com/pasqualelembo78/huntix-poi/main/italia/trentino-aa/vittorio_veneto/pages/baita_fiore_sereno_46.0194_12.3928.json,custom
45.976800,12.293969,osm_club_degli_spaghetti_la_loggia_45.9768_12.2940,Club degli spaghetti La Loggia,ristorante,ristorante,https://raw.githubusercontent.com/pasqualelembo78/huntix-poi/main/italia/trentino-aa/vittorio_veneto/pages/club_degli_spaghetti_la_loggia_45.9768_12.2940.json,custom
45.996747,12.291330,osm_ristorante_galivm_45.9967_12.2913,Ristorante Galivm,ristorante,ristorante,https://raw.githubusercontent.com/pasqualelembo78/huntix-poi/main/italia/trentino-aa/vittorio_veneto/pages/ristorante_galivm_45.9967_12.2913.json,custom
45.997442,12.291633,osm_semprequeo_45.9974_12.2916,Semprequeo,ristorante,ristorante,https://raw.githubusercontent.com/pasqualelembo78/huntix-poi/main/italia/trentino-aa/vittorio_veneto/pages/semprequeo_45.9974_12.2916.json,custom
45.978655,12.309728,osm_le_macine_45.9787_12.3097,Le Macine,ristorante,ristorante,https://raw.githubusercontent.com/pasqualelembo78/huntix-poi/main/italia/trentino-aa/vittorio_veneto/pages/le_macine_45.9787_12.3097.json,custom
45.989427,12.296839,osm_al_crostino_45.9894_12.2968,Al Crostino,ristorante,ristorante,https://raw.githubusercontent.com/pasqualelembo78/huntix-poi/main/italia/trentino-aa/vittorio_veneto/pages/al_crostino_45.9894_12.2968.json,custom
45.998965,12.289810,osm_mulan_restaurant_45.9990_12.2898,Mulan Restaurant,ristorante,ristorante,https://raw.githubusercontent.com/pasqualelembo78/huntix-poi/main/italia/trentino-aa/vittorio_veneto/pages/mulan_restaurant_45.9990_12.2898.json,custom
45.779367,12.257696,ov_bar_ristorante_borgonuovo_45.7794_12.2577,Bar Ristorante Borgonuovo,RESTAURANT,bar_cafe,https://raw.githubusercontent.com/pasqualelembo78/huntix-poi/main/italia/trentino-aa/vittorio_veneto/pages/bar_ristorante_borgonuovo_45.7794_12.2577.json,custom
45.970824,12.312144,ov_bar_eden_45.9708_12.3121,Bar Eden,RESTAURANT,bar_cafe,https://raw.githubusercontent.com/pasqualelembo78/huntix-poi/main/italia/trentino-aa/vittorio_veneto/pages/bar_eden_45.9708_12.3121.json,custom
45.972840,12.295700,ov_scuola_di_musica_ennio_morricone_45.9728_12.2957,Scuola di Musica Ennio Morricone,RESTAURANT,bar_cafe,https://raw.githubusercontent.com/pasqualelembo78/huntix-poi/main/italia/trentino-aa/vittorio_veneto/pages/scuola_di_musica_ennio_morricone_45.9728_12.2957.json,custom
45.968588,12.291167,ov_bar_miri_45.9686_12.2912,Bar Miri,RESTAURANT,bar_cafe,https://raw.githubusercontent.com/pasqualelembo78/huntix-poi/main/italia/trentino-aa/vittorio_veneto/pages/bar_miri_45.9686_12.2912.json,custom
45.966960,12.288443,ov_bar_monaco_45.9670_12.2884,Bar Monaco,RESTAURANT,bar_cafe,https://raw.githubusercontent.com/pasqualelembo78/huntix-poi/main/italia/trentino-aa/vittorio_veneto/pages/bar_monaco_45.9670_12.2884.json,custom
45.976729,12.293817,ov_bar_magnolia_45.9767_12.2938,Bar Magnolia,RESTAURANT,bar_cafe,https://raw.githubusercontent.com/pasqualelembo78/huntix-poi/main/italia/trentino-aa/vittorio_veneto/pages/bar_magnolia_45.9767_12.2938.json,custom
45.976502,12.293520,ov_bar_duomo_45.9765_12.2935,Bar Duomo,RESTAURANT,bar_cafe,https://raw.githubusercontent.com/pasqualelembo78/huntix-poi/main/italia/trentino-aa/vittorio_veneto/pages/bar_duomo_45.9765_12.2935.json,custom
45.976545,12.300911,ov_joker_pub_45.9765_12.3009,Joker Pub,RESTAURANT,bar_cafe,https://raw.githubusercontent.com/pasqualelembo78/huntix-poi/main/italia/trentino-aa/vittorio_veneto/pages/joker_pub_45.9765_12.3009.json,custom
45.980794,12.299651,ov_art_caf__le_maschere_45.9808_12.2997,Art Cafè Le Maschere,RESTAURANT,bar_cafe,https://raw.githubusercontent.com/pasqualelembo78/huntix-poi/main/italia/trentino-aa/vittorio_veneto/pages/art_caf_le_maschere_45.9808_12.2997.json,custom
45.990334,12.294318,ov_enoteca_viale_trento_trieste_45.9903_12.2943,Enoteca Viale Trento Trieste,RESTAURANT,bar_cafe,https://raw.githubusercontent.com/pasqualelembo78/huntix-poi/main/italia/trentino-aa/vittorio_veneto/pages/enoteca_viale_trento_trieste_45.9903_12.2943.json,custom
45.990877,12.294426,ov_bar_cortina_45.9909_12.2944,Bar Cortina,RESTAURANT,bar_cafe,https://raw.githubusercontent.com/pasqualelembo78/huntix-poi/main/italia/trentino-aa/vittorio_veneto/pages/bar_cortina_45.9909_12.2944.json,custom
45.988445,12.296020,ov_bar_k2_45.9884_12.2960,Bar K2,RESTAURANT,bar_cafe,https://raw.githubusercontent.com/pasqualelembo78/huntix-poi/main/italia/trentino-aa/vittorio_veneto/pages/bar_k2_45.9884_12.2960.json,custom
45.988547,12.297428,ov_caff__carducci_45.9885_12.2974,Caffè Carducci,RESTAURANT,bar_cafe,https://raw.githubusercontent.com/pasqualelembo78/huntix-poi/main/italia/trentino-aa/vittorio_veneto/pages/caff_carducci_45.9885_12.2974.json,custom
45.988886,12.296918,ov_bar_rione66_45.9889_12.2969,Bar Rione66,RESTAURANT,bar_cafe,https://raw.githubusercontent.com/pasqualelembo78/huntix-poi/main/italia/trentino-aa/vittorio_veneto/pages/bar_rione66_45.9889_12.2969.json,custom
45.988863,12.296509,ov_foodrink_45.9889_12.2965,Foodrink,RESTAURANT,bar_cafe,https://raw.githubusercontent.com/pasqualelembo78/huntix-poi/main/italia/trentino-aa/vittorio_veneto/pages/foodrink_45.9889_12.2965.json,custom
45.989078,12.296484,ov_peccato_divino_45.9891_12.2965,Peccato Divino,RESTAURANT,bar_cafe,https://raw.githubusercontent.com/pasqualelembo78/huntix-poi/main/italia/trentino-aa/vittorio_veneto/pages/peccato_divino_45.9891_12.2965.json,custom
45.988850,12.295890,ov_bar_cristallo_45.9888_12.2959,Bar Cristallo,RESTAURANT,bar_cafe,https://raw.githubusercontent.com/pasqualelembo78/huntix-poi/main/italia/trentino-aa/vittorio_veneto/pages/bar_cristallo_45.9888_12.2959.json,custom
45.989323,12.295616,ov_caffe_nuovo_unione_45.9893_12.2956,Caffe Nuovo Unione,RESTAURANT,bar_cafe,https://raw.githubusercontent.com/pasqualelembo78/huntix-poi/main/italia/trentino-aa/vittorio_veneto/pages/caffe_nuovo_unione_45.9893_12.2956.json,custom
45.990281,12.296545,ov_bar_jolly_vittorio_veneto_45.9903_12.2965,Bar Jolly Vittorio Veneto,RESTAURANT,bar_cafe,https://raw.githubusercontent.com/pasqualelembo78/huntix-poi/main/italia/trentino-aa/vittorio_veneto/pages/bar_jolly_vittorio_veneto_45.9903_12.2965.json,custom
45.990425,12.299320,ov_bottega_del_caffe_dersut_45.9904_12.2993,Bottega del Caffe Dersut,RESTAURANT,bar_cafe,https://raw.githubusercontent.com/pasqualelembo78/huntix-poi/main/italia/trentino-aa/vittorio_veneto/pages/bottega_del_caffe_dersut_45.9904_12.2993.json,custom
45.987921,12.299461,ov_cafe_d_essai_45.9879_12.2995,Cafe D'Essai,RESTAURANT,bar_cafe,https://raw.githubusercontent.com/pasqualelembo78/huntix-poi/main/italia/trentino-aa/vittorio_veneto/pages/cafe_dessai_45.9879_12.2995.json,custom
45.986818,12.298067,ov_squisi_0438_45.9868_12.2981,Squisi 0438,RESTAURANT,bar_cafe,https://raw.githubusercontent.com/pasqualelembo78/huntix-poi/main/italia/trentino-aa/vittorio_veneto/pages/squisi_0438_45.9868_12.2981.json,custom
45.987341,12.296299,ov_il_chicco_45.9873_12.2963,Il Chicco,RESTAURANT,bar_cafe,https://raw.githubusercontent.com/pasqualelembo78/huntix-poi/main/italia/trentino-aa/vittorio_veneto/pages/il_chicco_45.9873_12.2963.json,custom
45.987364,12.295696,ov_bar_genny_45.9874_12.2957,Bar Genny,RESTAURANT,bar_cafe,https://raw.githubusercontent.com/pasqualelembo78/huntix-poi/main/italia/trentino-aa/vittorio_veneto/pages/bar_genny_45.9874_12.2957.json,custom
45.986731,12.297028,ov_goppion_caffetteria_45.9867_12.2970,Goppion Caffetteria,RESTAURANT,bar_cafe,https://raw.githubusercontent.com/pasqualelembo78/huntix-poi/main/italia/trentino-aa/vittorio_veneto/pages/goppion_caffetteria_45.9867_12.2970.json,custom
45.987833,12.303839,ov_bar_alle_piscine_da_veronica_45.9878_12.3038,Bar Alle Piscine Da Veronica,RESTAURANT,bar_cafe,https://raw.githubusercontent.com/pasqualelembo78/huntix-poi/main/italia/trentino-aa/vittorio_veneto/pages/bar_alle_piscine_da_veronica_45.9878_12.3038.json,custom
45.988205,12.309666,ov_bottega_alla_salute_vv_45.9882_12.3097,Bottega alla salute VV,RESTAURANT,bar_cafe,https://raw.githubusercontent.com/pasqualelembo78/huntix-poi/main/italia/trentino-aa/vittorio_veneto/pages/bottega_alla_salute_vv_45.9882_12.3097.json,custom
45.981742,12.304237,ov_bar_zero_45.9817_12.3042,Bar ZERO,RESTAURANT,bar_cafe,https://raw.githubusercontent.com/pasqualelembo78/huntix-poi/main/italia/trentino-aa/vittorio_veneto/pages/bar_zero_45.9817_12.3042.json,custom
45.981492,12.304879,ov_bar_alla_pesa_45.9815_12.3049,Bar Alla Pesa,RESTAURANT,bar_cafe,https://raw.githubusercontent.com/pasqualelembo78/huntix-poi/main/italia/trentino-aa/vittorio_veneto/pages/bar_alla_pesa_45.9815_12.3049.json,custom
45.981058,12.307361,ov_king_pub_45.9811_12.3074,King Pub,RESTAURANT,bar_cafe,https://raw.githubusercontent.com/pasqualelembo78/huntix-poi/main/italia/trentino-aa/vittorio_veneto/pages/king_pub_45.9811_12.3074.json,custom
45.977431,12.310022,ov_spazio_mavv_45.9774_12.3100,Spazio Mavv,RESTAURANT,bar_cafe,https://raw.githubusercontent.com/pasqualelembo78/huntix-poi/main/italia/trentino-aa/vittorio_veneto/pages/spazio_mavv_45.9774_12.3100.json,custom
45.974418,12.307309,ov_bar_mathilda_45.9744_12.3073,Bar Mathilda,RESTAURANT,bar_cafe,https://raw.githubusercontent.com/pasqualelembo78/huntix-poi/main/italia/trentino-aa/vittorio_veneto/pages/bar_mathilda_45.9744_12.3073.json,custom
45.988305,12.343868,ov_agribirrificio_santjago_45.9883_12.3439,Agribirrificio SantJago,RESTAURANT,bar_cafe,https://raw.githubusercontent.com/pasqualelembo78/huntix-poi/main/italia/trentino-aa/vittorio_veneto/pages/agribirrificio_santjago_45.9883_12.3439.json,custom
45.964777,12.326861,ov_river_pub_45.9648_12.3269,River pub,RESTAURANT,bar_cafe,https://raw.githubusercontent.com/pasqualelembo78/huntix-poi/main/italia/trentino-aa/vittorio_veneto/pages/river_pub_45.9648_12.3269.json,custom
45.963239,12.323957,ov_bar_la_fenice_45.9632_12.3240,Bar La Fenice,RESTAURANT,bar_cafe,https://raw.githubusercontent.com/pasqualelembo78/huntix-poi/main/italia/trentino-aa/vittorio_veneto/pages/bar_la_fenice_45.9632_12.3240.json,custom
45.949737,12.316793,ov_birrificio_santjago___vittorio_veneto_45.9497_12.3168,Birrificio SantJago - Vittorio Veneto,RESTAURANT,bar_cafe,https://raw.githubusercontent.com/pasqualelembo78/huntix-poi/main/italia/trentino-aa/vittorio_veneto/pages/birrificio_santjago_-_vittorio_veneto_45.9497_12.3168.json,custom
45.953269,12.289609,ov_cucina_madre_45.9533_12.2896,Cucina Madre,RESTAURANT,bar_cafe,https://raw.githubusercontent.com/pasqualelembo78/huntix-poi/main/italia/trentino-aa/vittorio_veneto/pages/cucina_madre_45.9533_12.2896.json,custom
46.006743,12.277953,ov_snack_bar_al_baret_46.0067_12.2780,Snack bar AL BARET,RESTAURANT,bar_cafe,https://raw.githubusercontent.com/pasqualelembo78/huntix-poi/main/italia/trentino-aa/vittorio_veneto/pages/snack_bar_al_baret_46.0067_12.2780.json,custom
46.005297,12.286183,ov_bar_novo_46.0053_12.2862,Bar Novo,RESTAURANT,bar_cafe,https://raw.githubusercontent.com/pasqualelembo78/huntix-poi/main/italia/trentino-aa/vittorio_veneto/pages/bar_novo_46.0053_12.2862.json,custom
46.007460,12.285740,ov_cicchetteria_royal_46.0075_12.2857,Cicchetteria Royal,RESTAURANT,bar_cafe,https://raw.githubusercontent.com/pasqualelembo78/huntix-poi/main/italia/trentino-aa/vittorio_veneto/pages/cicchetteria_royal_46.0075_12.2857.json,custom
46.002872,12.286125,ov_bruschetteria_da_giampi_46.0029_12.2861,Bruschetteria da Giampi,RESTAURANT,bar_cafe,https://raw.githubusercontent.com/pasqualelembo78/huntix-poi/main/italia/trentino-aa/vittorio_veneto/pages/bruschetteria_da_giampi_46.0029_12.2861.json,custom
45.997702,12.290411,ov_vetrina_sapaio_45.9977_12.2904,Vetrina Sapaio,RESTAURANT,bar_cafe,https://raw.githubusercontent.com/pasqualelembo78/huntix-poi/main/italia/trentino-aa/vittorio_veneto/pages/vetrina_sapaio_45.9977_12.2904.json,custom
45.997568,12.290243,ov_bar_gelateria_al_vecchio_forno_45.9976_12.2902,Bar Gelateria Al Vecchio Forno,RESTAURANT,bar_cafe,https://raw.githubusercontent.com/pasqualelembo78/huntix-poi/main/italia/trentino-aa/vittorio_veneto/pages/bar_gelateria_al_vecchio_forno_45.9976_12.2902.json,custom
45.998368,12.290235,ov_il_ventennale_45.9984_12.2902,Il Ventennale,RESTAURANT,bar_cafe,https://raw.githubusercontent.com/pasqualelembo78/huntix-poi/main/italia/trentino-aa/vittorio_veneto/pages/il_ventennale_45.9984_12.2902.json,custom
45.999337,12.289945,ov_bar_all_arco_45.9993_12.2899,Bar All'Arco,RESTAURANT,bar_cafe,https://raw.githubusercontent.com/pasqualelembo78/huntix-poi/main/italia/trentino-aa/vittorio_veneto/pages/bar_allarco_45.9993_12.2899.json,custom
45.999078,12.289868,ov_caffe_commercio_45.9991_12.2899,Caffe Commercio,RESTAURANT,bar_cafe,https://raw.githubusercontent.com/pasqualelembo78/huntix-poi/main/italia/trentino-aa/vittorio_veneto/pages/caffe_commercio_45.9991_12.2899.json,custom
46.016525,12.288887,ov_lavius_birreria_pub_pizzeria_ristorante_46.0165_12.2889,Lavius Birreria Pub Pizzeria Ristorante,RESTAURANT,bar_cafe,https://raw.githubusercontent.com/pasqualelembo78/huntix-poi/main/italia/trentino-aa/vittorio_veneto/pages/lavius_birreria_pub_pizzeria_ristorante_46.0165_12.2889.json,custom
45.997292,12.293069,ov_tabavini_45.9973_12.2931,Tabavini,RESTAURANT,bar_cafe,https://raw.githubusercontent.com/pasqualelembo78/huntix-poi/main/italia/trentino-aa/vittorio_veneto/pages/tabavini_45.9973_12.2931.json,custom
45.997196,12.291832,ov_laltropeo_45.9972_12.2918,Laltropeo,RESTAURANT,bar_cafe,https://raw.githubusercontent.com/pasqualelembo78/huntix-poi/main/italia/trentino-aa/vittorio_veneto/pages/laltropeo_45.9972_12.2918.json,custom
45.997174,12.291511,ov_caffe_san_marco_45.9972_12.2915,Caffe San Marco,RESTAURANT,bar_cafe,https://raw.githubusercontent.com/pasqualelembo78/huntix-poi/main/italia/trentino-aa/vittorio_veneto/pages/caffe_san_marco_45.9972_12.2915.json,custom
45.994475,12.292920,ov_bar_avana_45.9945_12.2929,Bar Avana,RESTAURANT,bar_cafe,https://raw.githubusercontent.com/pasqualelembo78/huntix-poi/main/italia/trentino-aa/vittorio_veneto/pages/bar_avana_45.9945_12.2929.json,custom
45.994339,12.294812,ov_bar_enoteca_al_ponte_45.9943_12.2948,Bar Enoteca Al Ponte,RESTAURANT,bar_cafe,https://raw.githubusercontent.com/pasqualelembo78/huntix-poi/main/italia/trentino-aa/vittorio_veneto/pages/bar_enoteca_al_ponte_45.9943_12.2948.json,custom
45.993139,12.296983,ov_fox_cafe_45.9931_12.2970,Fox Cafe,RESTAURANT,bar_cafe,https://raw.githubusercontent.com/pasqualelembo78/huntix-poi/main/italia/trentino-aa/vittorio_veneto/pages/fox_cafe_45.9931_12.2970.json,custom
45.996708,12.298189,ov_re_madruc_45.9967_12.2982,Re Madruc,RESTAURANT,bar_cafe,https://raw.githubusercontent.com/pasqualelembo78/huntix-poi/main/italia/trentino-aa/vittorio_veneto/pages/re_madruc_45.9967_12.2982.json,custom
45.995432,12.299670,ov_bar_trattoria_portafortuna_45.9954_12.2997,Bar Trattoria Portafortuna,RESTAURANT,bar_cafe,https://raw.githubusercontent.com/pasqualelembo78/huntix-poi/main/italia/trentino-aa/vittorio_veneto/pages/bar_trattoria_portafortuna_45.9954_12.2997.json,custom
46.047035,12.309448,ov_bar_gallo___vittorio_veneto_46.0470_12.3094,Bar Gallo - Vittorio Veneto,RESTAURANT,bar_cafe,https://raw.githubusercontent.com/pasqualelembo78/huntix-poi/main/italia/trentino-aa/vittorio_veneto/pages/bar_gallo_-_vittorio_veneto_46.0470_12.3094.json,custom
46.048005,12.310935,ov_kilometro_19_46.0480_12.3109,Kilometro 19,RESTAURANT,bar_cafe,https://raw.githubusercontent.com/pasqualelembo78/huntix-poi/main/italia/trentino-aa/vittorio_veneto/pages/kilometro_19_46.0480_12.3109.json,custom
46.054490,12.316157,ov_lago_morto_chiosco_paradiso_46.0545_12.3162,Lago morto CHIOSCO PARADISO,RESTAURANT,bar_cafe,https://raw.githubusercontent.com/pasqualelembo78/huntix-poi/main/italia/trentino-aa/vittorio_veneto/pages/lago_morto_chiosco_paradiso_46.0545_12.3162.json,custom
45.989142,12.295129,osm_bar_lux_45.9891_12.2951,Bar Lux,bar_cafe,bar_cafe,https://raw.githubusercontent.com/pasqualelembo78/huntix-poi/main/italia/trentino-aa/vittorio_veneto/pages/bar_lux_45.9891_12.2951.json,custom
45.967148,12.288254,osm_bar_monaco__72_45.9671_12.2883,Bar Monaco '72,bar_cafe,bar_cafe,https://raw.githubusercontent.com/pasqualelembo78/huntix-poi/main/italia/trentino-aa/vittorio_veneto/pages/bar_monaco_72_45.9671_12.2883.json,custom
45.972038,12.314981,ov_asd_flow_45.9720_12.3150,ASD Flow,GYM,palestra,https://raw.githubusercontent.com/pasqualelembo78/huntix-poi/main/italia/trentino-aa/vittorio_veneto/pages/asd_flow_45.9720_12.3150.json,custom
45.973218,12.303739,ov_ginnastica_ortodinamica_vittorio_veneto_45.9732_12.3037,Ginnastica Ortodinamica Vittorio Veneto,GYM,palestra,https://raw.githubusercontent.com/pasqualelembo78/huntix-poi/main/italia/trentino-aa/vittorio_veneto/pages/ginnastica_ortodinamica_vittorio_veneto_45.9732_12.3037.json,custom
45.973469,12.293858,ov_a_s_d__dance_up_45.9735_12.2939,A.S.D. Dance Up,GYM,palestra,https://raw.githubusercontent.com/pasqualelembo78/huntix-poi/main/italia/trentino-aa/vittorio_veneto/pages/asd_dance_up_45.9735_12.2939.json,custom
45.973989,12.293978,ov_asd_ritmica_malaika_45.9740_12.2940,ASD Ritmica Malaika,GYM,palestra,https://raw.githubusercontent.com/pasqualelembo78/huntix-poi/main/italia/trentino-aa/vittorio_veneto/pages/asd_ritmica_malaika_45.9740_12.2940.json,custom
45.989680,12.295150,ov_chokh_d__muay_thai_gym_45.9897_12.2951,Chokh Dī Muay Thai Gym,GYM,palestra,https://raw.githubusercontent.com/pasqualelembo78/huntix-poi/main/italia/trentino-aa/vittorio_veneto/pages/chokh_d_muay_thai_gym_45.9897_12.2951.json,custom
45.987568,12.295815,ov_centro_yoga_liberamente_45.9876_12.2958,Centro Yoga Liberamente,GYM,palestra,https://raw.githubusercontent.com/pasqualelembo78/huntix-poi/main/italia/trentino-aa/vittorio_veneto/pages/centro_yoga_liberamente_45.9876_12.2958.json,custom
45.991473,12.301122,ov_centro_taekwondo_vittorio_veneto_45.9915_12.3011,Centro Taekwondo Vittorio Veneto,GYM,palestra,https://raw.githubusercontent.com/pasqualelembo78/huntix-poi/main/italia/trentino-aa/vittorio_veneto/pages/centro_taekwondo_vittorio_veneto_45.9915_12.3011.json,custom
45.988610,12.300400,ov_iki___body_moving_45.9886_12.3004,IKI - Body Moving,GYM,palestra,https://raw.githubusercontent.com/pasqualelembo78/huntix-poi/main/italia/trentino-aa/vittorio_veneto/pages/iki_-_body_moving_45.9886_12.3004.json,custom
45.983527,12.304941,ov_studio_pilates_wave_45.9835_12.3049,Studio Pilates Wave,GYM,palestra,https://raw.githubusercontent.com/pasqualelembo78/huntix-poi/main/italia/trentino-aa/vittorio_veneto/pages/studio_pilates_wave_45.9835_12.3049.json,custom
45.985191,12.309427,ov_palestra_pontavai_45.9852_12.3094,Palestra Pontavai,GYM,palestra,https://raw.githubusercontent.com/pasqualelembo78/huntix-poi/main/italia/trentino-aa/vittorio_veneto/pages/palestra_pontavai_45.9852_12.3094.json,custom
45.988000,12.307750,ov_osteo_fisio_postura_dott__antonio_natale_45.9880_12.3078,Osteo Fisio Postura Dott. Antonio Natale,GYM,palestra,https://raw.githubusercontent.com/pasqualelembo78/huntix-poi/main/italia/trentino-aa/vittorio_veneto/pages/osteo_fisio_postura_dott_antonio_natale_45.9880_12.3078.json,custom
45.977420,12.310026,ov_bobadilla_vittorio_veneto_45.9774_12.3100,Bobadilla Vittorio Veneto,GYM,palestra,https://raw.githubusercontent.com/pasqualelembo78/huntix-poi/main/italia/trentino-aa/vittorio_veneto/pages/bobadilla_vittorio_veneto_45.9774_12.3100.json,custom
45.977364,12.309422,ov_frenesy___scuola_di_ballo_45.9774_12.3094,Frenesy - Scuola di ballo,GYM,palestra,https://raw.githubusercontent.com/pasqualelembo78/huntix-poi/main/italia/trentino-aa/vittorio_veneto/pages/frenesy_-_scuola_di_ballo_45.9774_12.3094.json,custom
45.975422,12.305075,ov_fiditalia___agenzia_vittorio_veneto_45.9754_12.3051,Fiditalia - Agenzia VITTORIO VENETO,GYM,palestra,https://raw.githubusercontent.com/pasqualelembo78/huntix-poi/main/italia/trentino-aa/vittorio_veneto/pages/fiditalia_-_agenzia_vittorio_veneto_45.9754_12.3051.json,custom
45.985851,12.321790,ov_tiro_a_segno_nazionale_45.9859_12.3218,Tiro a Segno Nazionale,GYM,palestra,https://raw.githubusercontent.com/pasqualelembo78/huntix-poi/main/italia/trentino-aa/vittorio_veneto/pages/tiro_a_segno_nazionale_45.9859_12.3218.json,custom
45.965604,12.323098,ov_yoga_hari_om_45.9656_12.3231,Yoga Hari Om,GYM,palestra,https://raw.githubusercontent.com/pasqualelembo78/huntix-poi/main/italia/trentino-aa/vittorio_veneto/pages/yoga_hari_om_45.9656_12.3231.json,custom
45.961153,12.324492,ov_studio_pilates_mg_45.9612_12.3245,Studio Pilates MG,GYM,palestra,https://raw.githubusercontent.com/pasqualelembo78/huntix-poi/main/italia/trentino-aa/vittorio_veneto/pages/studio_pilates_mg_45.9612_12.3245.json,custom
45.949032,12.323104,ov_body_evidence_vittorio_veneto_45.9490_12.3231,Body Evidence Vittorio Veneto,GYM,palestra,https://raw.githubusercontent.com/pasqualelembo78/huntix-poi/main/italia/trentino-aa/vittorio_veneto/pages/body_evidence_vittorio_veneto_45.9490_12.3231.json,custom
45.955181,12.332134,ov_pista_alle_cave_45.9552_12.3321,Pista alle cave,GYM,palestra,https://raw.githubusercontent.com/pasqualelembo78/huntix-poi/main/italia/trentino-aa/vittorio_veneto/pages/pista_alle_cave_45.9552_12.3321.json,custom
46.006328,12.271257,ov_al_circoletto_longhere_46.0063_12.2713,Al Circoletto Longhere,GYM,palestra,https://raw.githubusercontent.com/pasqualelembo78/huntix-poi/main/italia/trentino-aa/vittorio_veneto/pages/al_circoletto_longhere_46.0063_12.2713.json,custom
46.014860,12.284070,ov_circolo_concordia_forcal_46.0149_12.2841,Circolo concordia forcal,GYM,palestra,https://raw.githubusercontent.com/pasqualelembo78/huntix-poi/main/italia/trentino-aa/vittorio_veneto/pages/circolo_concordia_forcal_46.0149_12.2841.json,custom
45.994512,12.289321,ov_asd_cross_training_45.9945_12.2893,Asd Cross Training,GYM,palestra,https://raw.githubusercontent.com/pasqualelembo78/huntix-poi/main/italia/trentino-aa/vittorio_veneto/pages/asd_cross_training_45.9945_12.2893.json,custom
45.997485,12.290258,ov_sub_vittorio_veneto_45.9975_12.2903,Sub Vittorio Veneto,GYM,palestra,https://raw.githubusercontent.com/pasqualelembo78/huntix-poi/main/italia/trentino-aa/vittorio_veneto/pages/sub_vittorio_veneto_45.9975_12.2903.json,custom
45.998598,12.291265,ov_sci_club_vittorio_veneto_45.9986_12.2913,Sci Club Vittorio Veneto,GYM,palestra,https://raw.githubusercontent.com/pasqualelembo78/huntix-poi/main/italia/trentino-aa/vittorio_veneto/pages/sci_club_vittorio_veneto_45.9986_12.2913.json,custom
45.993172,12.296965,ov_danbailop_studio_pilates_24_45.9932_12.2970,Danbailop Studio Pilates 24,GYM,palestra,https://raw.githubusercontent.com/pasqualelembo78/huntix-poi/main/italia/trentino-aa/vittorio_veneto/pages/danbailop_studio_pilates_24_45.9932_12.2970.json,custom
45.976839,12.292894,ov_museo_della_battaglia_45.9768_12.2929,Museo della Battaglia,MUSEUM,monumento,https://raw.githubusercontent.com/pasqualelembo78/huntix-poi/main/italia/trentino-aa/vittorio_veneto/pages/museo_della_battaglia_45.9768_12.2929.json,custom
45.977120,12.293220,ov_memoriale_dei_cavalieri_di_vittorio_vene_45.9771_12.2932,Memoriale dei Cavalieri di Vittorio Veneto,MUSEUM,monumento,https://raw.githubusercontent.com/pasqualelembo78/huntix-poi/main/italia/trentino-aa/vittorio_veneto/pages/memoriale_dei_cavalieri_di_vittorio_vene_45.9771_12.2932.json,custom
45.976185,12.293342,ov_museo_di_scienze_naturali_antonio_de_nar_45.9762_12.2933,Museo di Scienze Naturali Antonio De Nardi,MUSEUM,monumento,https://raw.githubusercontent.com/pasqualelembo78/huntix-poi/main/italia/trentino-aa/vittorio_veneto/pages/museo_di_scienze_naturali_antonio_de_nar_45.9762_12.2933.json,custom
45.976046,12.295964,ov_museu_do_isolamento_45.9760_12.2960,Museu do Isolamento,MUSEUM,monumento,https://raw.githubusercontent.com/pasqualelembo78/huntix-poi/main/italia/trentino-aa/vittorio_veneto/pages/museu_do_isolamento_45.9760_12.2960.json,custom
45.979196,12.291843,ov_i_palasi_e_il_caregon_del_diol_45.9792_12.2918,i Palasi e il Caregon del Diol,MONUMENT,monumento,https://raw.githubusercontent.com/pasqualelembo78/huntix-poi/main/italia/trentino-aa/vittorio_veneto/pages/i_palasi_e_il_caregon_del_diol_45.9792_12.2918.json,custom
45.986247,12.296999,ov_galleria_civica_d_arte_medievale_moderna_45.9862_12.2970,Galleria Civica d'Arte Medievale Moderna e Contemporanea Vit,MUSEUM,monumento,https://raw.githubusercontent.com/pasqualelembo78/huntix-poi/main/italia/trentino-aa/vittorio_veneto/pages/galleria_civica_darte_medievale_moderna__45.9862_12.2970.json,custom
45.983560,12.297660,ov_casa_natale_lorenzo_da_ponte_45.9836_12.2977,Casa natale Lorenzo Da Ponte,MUSEUM,monumento,https://raw.githubusercontent.com/pasqualelembo78/huntix-poi/main/italia/trentino-aa/vittorio_veneto/pages/casa_natale_lorenzo_da_ponte_45.9836_12.2977.json,custom
45.964211,12.327948,ov_museo_del_baco_da_seta_45.9642_12.3279,Museo del Baco da Seta,MUSEUM,monumento,https://raw.githubusercontent.com/pasqualelembo78/huntix-poi/main/italia/trentino-aa/vittorio_veneto/pages/museo_del_baco_da_seta_45.9642_12.3279.json,custom
45.998109,12.290227,ov_palazzo_minucci_de_carlo_45.9981_12.2902,Palazzo Minucci De Carlo,MUSEUM,monumento,https://raw.githubusercontent.com/pasqualelembo78/huntix-poi/main/italia/trentino-aa/vittorio_veneto/pages/palazzo_minucci_de_carlo_45.9981_12.2902.json,custom
45.999191,12.289570,ov_museo_del_cenedese_45.9992_12.2896,Museo del Cenedese,MUSEUM,monumento,https://raw.githubusercontent.com/pasqualelembo78/huntix-poi/main/italia/trentino-aa/vittorio_veneto/pages/museo_del_cenedese_45.9992_12.2896.json,custom
45.999269,12.289735,ov_palazzo_todesco_45.9993_12.2897,Palazzo Todesco,MONUMENT,monumento,https://raw.githubusercontent.com/pasqualelembo78/huntix-poi/main/italia/trentino-aa/vittorio_veneto/pages/palazzo_todesco_45.9993_12.2897.json,custom
45.996965,12.291727,ov_sacrario_delle_bandiere_45.9970_12.2917,Sacrario delle Bandiere,MUSEUM,monumento,https://raw.githubusercontent.com/pasqualelembo78/huntix-poi/main/italia/trentino-aa/vittorio_veneto/pages/sacrario_delle_bandiere_45.9970_12.2917.json,custom
46.031730,12.301375,ov_torre_di_san_floriano_46.0317_12.3014,Torre di San Floriano,MONUMENT,monumento,https://raw.githubusercontent.com/pasqualelembo78/huntix-poi/main/italia/trentino-aa/vittorio_veneto/pages/torre_di_san_floriano_46.0317_12.3014.json,custom
45.976717,12.293891,osm_vittorio_veneto_1_45.9767_12.2939,Vittorio Veneto 1,ufficio_postale,ufficio_postale,https://raw.githubusercontent.com/pasqualelembo78/huntix-poi/main/italia/trentino-aa/vittorio_veneto/pages/vittorio_veneto_1_45.9767_12.2939.json,custom
45.977066,12.291928,ov_biblioteca_comunale_di_vittorio_veneto_45.9771_12.2919,Biblioteca Comunale di Vittorio Veneto,LIBRARY,biblioteca,https://raw.githubusercontent.com/pasqualelembo78/huntix-poi/main/italia/trentino-aa/vittorio_veneto/pages/biblioteca_comunale_di_vittorio_veneto_45.9771_12.2919.json,custom
45.976924,12.294388,ov_sistema_bibliotecario_del_vittoriese___s_45.9769_12.2944,Sistema Bibliotecario del Vittoriese - SBV,LIBRARY,biblioteca,https://raw.githubusercontent.com/pasqualelembo78/huntix-poi/main/italia/trentino-aa/vittorio_veneto/pages/sistema_bibliotecario_del_vittoriese_-_s_45.9769_12.2944.json,custom
45.976182,12.293460,ov_biblioteca_del_seminario_di_vittorio_ven_45.9762_12.2935,Biblioteca del Seminario di Vittorio Veneto,LIBRARY,biblioteca,https://raw.githubusercontent.com/pasqualelembo78/huntix-poi/main/italia/trentino-aa/vittorio_veneto/pages/biblioteca_del_seminario_di_vittorio_ven_45.9762_12.2935.json,custom
45.977174,12.291997,osm_biblioteca_civica_citt__di_vittorio_vene_45.9772_12.2920,Biblioteca Civica Città di Vittorio Veneto,biblioteca,biblioteca,https://raw.githubusercontent.com/pasqualelembo78/huntix-poi/main/italia/trentino-aa/vittorio_veneto/pages/biblioteca_civica_citt_di_vittorio_venet_45.9772_12.2920.json,custom
