# lat,lng,id,name,building_type,type,url,page_type
# Gaeta -- Tutti
41.221604,13.566789,ov_ospedale_di_liegro_gaeta_41.2216_13.5668,Ospedale di Liegro Gaeta,HOSPITAL,hospital,https://raw.githubusercontent.com/pasqualelembo78/huntix-poi/main/italia/campania/gaeta/pages/ospedale_di_liegro_gaeta_41.2216_13.5668.json,custom
41.221491,13.566746,osm_ospedale_luigi_di_liegro_gaeta_41.2215_13.5667,Ospedale Luigi di Liegro Gaeta,hospital,hospital,https://raw.githubusercontent.com/pasqualelembo78/huntix-poi/main/italia/campania/gaeta/pages/ospedale_luigi_di_liegro_gaeta_41.2215_13.5667.json,custom
41.213678,13.578912,ov_antica_pizzeria_ciro_41.2137_13.5789,Antica Pizzeria Ciro,RESTAURANT,ristorante,https://raw.githubusercontent.com/pasqualelembo78/huntix-poi/main/italia/campania/gaeta/pages/antica_pizzeria_ciro_41.2137_13.5789.json,custom
41.212929,13.579536,ov_dalla_paella_alla_brace_41.2129_13.5795,Dalla Paella alla Brace,RESTAURANT,ristorante,https://raw.githubusercontent.com/pasqualelembo78/huntix-poi/main/italia/campania/gaeta/pages/dalla_paella_alla_brace_41.2129_13.5795.json,custom
41.212369,13.580598,ov_casa_gi__41.2124_13.5806,Casa Giò,RESTAURANT,ristorante,https://raw.githubusercontent.com/pasqualelembo78/huntix-poi/main/italia/campania/gaeta/pages/casa_gi_41.2124_13.5806.json,custom
41.212368,13.580479,ov_tira_la_luna_41.2124_13.5805,Tira la luna,RESTAURANT,ristorante,https://raw.githubusercontent.com/pasqualelembo78/huntix-poi/main/italia/campania/gaeta/pages/tira_la_luna_41.2124_13.5805.json,custom
41.212490,13.580494,ov_scirocco_bistrot_41.2125_13.5805,Scirocco Bistrot,RESTAURANT,ristorante,https://raw.githubusercontent.com/pasqualelembo78/huntix-poi/main/italia/campania/gaeta/pages/scirocco_bistrot_41.2125_13.5805.json,custom
41.212429,13.580641,ov_el_salvador_ristorante_41.2124_13.5806,El Salvador Ristorante,RESTAURANT,ristorante,https://raw.githubusercontent.com/pasqualelembo78/huntix-poi/main/italia/campania/gaeta/pages/el_salvador_ristorante_41.2124_13.5806.json,custom
41.211015,13.581972,ov_pizzeria_trattoria_da_emilio_41.2110_13.5820,Pizzeria Trattoria Da Emilio,RESTAURANT,ristorante,https://raw.githubusercontent.com/pasqualelembo78/huntix-poi/main/italia/campania/gaeta/pages/pizzeria_trattoria_da_emilio_41.2110_13.5820.json,custom
41.210659,13.582064,ov_dolia_gaeta_41.2107_13.5821,Dolia Gaeta,RESTAURANT,ristorante,https://raw.githubusercontent.com/pasqualelembo78/huntix-poi/main/italia/campania/gaeta/pages/dolia_gaeta_41.2107_13.5821.json,custom
41.210520,13.582091,ov_ru_22_41.2105_13.5821,Ru 22,RESTAURANT,ristorante,https://raw.githubusercontent.com/pasqualelembo78/huntix-poi/main/italia/campania/gaeta/pages/ru_22_41.2105_13.5821.json,custom
41.210455,13.582078,ov_attimi_ristorante_41.2105_13.5821,Attimi Ristorante,RESTAURANT,ristorante,https://raw.githubusercontent.com/pasqualelembo78/huntix-poi/main/italia/campania/gaeta/pages/attimi_ristorante_41.2105_13.5821.json,custom
41.210194,13.582899,ov_stato_brado_41.2102_13.5829,Stato Brado,RESTAURANT,ristorante,https://raw.githubusercontent.com/pasqualelembo78/huntix-poi/main/italia/campania/gaeta/pages/stato_brado_41.2102_13.5829.json,custom
41.210271,13.582517,ov_marel__41.2103_13.5825,Marelì,RESTAURANT,ristorante,https://raw.githubusercontent.com/pasqualelembo78/huntix-poi/main/italia/campania/gaeta/pages/marel_41.2103_13.5825.json,custom
41.210313,13.582601,ov_marea_pizzeria_gaeta_41.2103_13.5826,Marea Pizzeria Gaeta,RESTAURANT,ristorante,https://raw.githubusercontent.com/pasqualelembo78/huntix-poi/main/italia/campania/gaeta/pages/marea_pizzeria_gaeta_41.2103_13.5826.json,custom
41.210277,13.582117,ov_crew_burger_41.2103_13.5821,Crew Burger,RESTAURANT,ristorante,https://raw.githubusercontent.com/pasqualelembo78/huntix-poi/main/italia/campania/gaeta/pages/crew_burger_41.2103_13.5821.json,custom
41.210539,13.582244,ov_o_nacchenel_41.2105_13.5822,O'Nacchenel,RESTAURANT,ristorante,https://raw.githubusercontent.com/pasqualelembo78/huntix-poi/main/italia/campania/gaeta/pages/onacchenel_41.2105_13.5822.json,custom
41.209730,13.585138,ov_la_salute_41.2097_13.5851,La Salute,RESTAURANT,ristorante,https://raw.githubusercontent.com/pasqualelembo78/huntix-poi/main/italia/campania/gaeta/pages/la_salute_41.2097_13.5851.json,custom
41.209414,13.585206,ov_pizzeria_l_anfora_verde_41.2094_13.5852,Pizzeria L'Anfora Verde,RESTAURANT,ristorante,https://raw.githubusercontent.com/pasqualelembo78/huntix-poi/main/italia/campania/gaeta/pages/pizzeria_lanfora_verde_41.2094_13.5852.json,custom
41.209249,13.585342,ov_pizzeria_traniello_41.2092_13.5853,Pizzeria Traniello,RESTAURANT,ristorante,https://raw.githubusercontent.com/pasqualelembo78/huntix-poi/main/italia/campania/gaeta/pages/pizzeria_traniello_41.2092_13.5853.json,custom
41.209296,13.583837,ov_creperie_21_41.2093_13.5838,Creperie 21,RESTAURANT,ristorante,https://raw.githubusercontent.com/pasqualelembo78/huntix-poi/main/italia/campania/gaeta/pages/creperie_21_41.2093_13.5838.json,custom
41.209296,13.583837,ov_maruzzella_gaeta_41.2093_13.5838,Maruzzella Gaeta,RESTAURANT,ristorante,https://raw.githubusercontent.com/pasqualelembo78/huntix-poi/main/italia/campania/gaeta/pages/maruzzella_gaeta_41.2093_13.5838.json,custom
41.209418,13.584547,ov_medievale_pizzeria_rosticceria_41.2094_13.5845,Medievale Pizzeria-Rosticceria,RESTAURANT,ristorante,https://raw.githubusercontent.com/pasqualelembo78/huntix-poi/main/italia/campania/gaeta/pages/medievale_pizzeria-rosticceria_41.2094_13.5845.json,custom
41.209184,13.584418,ov_la_gran_guardia_41.2092_13.5844,La gran Guardia,RESTAURANT,ristorante,https://raw.githubusercontent.com/pasqualelembo78/huntix-poi/main/italia/campania/gaeta/pages/la_gran_guardia_41.2092_13.5844.json,custom
41.208955,13.584096,ov_ristorante_masaniello_41.2090_13.5841,Ristorante Masaniello,RESTAURANT,ristorante,https://raw.githubusercontent.com/pasqualelembo78/huntix-poi/main/italia/campania/gaeta/pages/ristorante_masaniello_41.2090_13.5841.json,custom
41.209148,13.585175,ov_ke_eat_41.2091_13.5852,Ke Eat,RESTAURANT,ristorante,https://raw.githubusercontent.com/pasqualelembo78/huntix-poi/main/italia/campania/gaeta/pages/ke_eat_41.2091_13.5852.json,custom
41.209494,13.583432,ov_ristorante_re_ferdinando_ii_41.2095_13.5834,Ristorante Re Ferdinando II,RESTAURANT,ristorante,https://raw.githubusercontent.com/pasqualelembo78/huntix-poi/main/italia/campania/gaeta/pages/ristorante_re_ferdinando_ii_41.2095_13.5834.json,custom
41.208947,13.586005,ov_aura_restaurant_41.2089_13.5860,Aura Restaurant,RESTAURANT,ristorante,https://raw.githubusercontent.com/pasqualelembo78/huntix-poi/main/italia/campania/gaeta/pages/aura_restaurant_41.2089_13.5860.json,custom
41.208935,13.586141,ov_lacocina_di_popolla_41.2089_13.5861,Lacocina di Popolla,RESTAURANT,ristorante,https://raw.githubusercontent.com/pasqualelembo78/huntix-poi/main/italia/campania/gaeta/pages/lacocina_di_popolla_41.2089_13.5861.json,custom
41.209054,13.585828,ov_la_macelleria_trattoria_vineria_41.2091_13.5858,La Macelleria Trattoria Vineria,RESTAURANT,ristorante,https://raw.githubusercontent.com/pasqualelembo78/huntix-poi/main/italia/campania/gaeta/pages/la_macelleria_trattoria_vineria_41.2091_13.5858.json,custom
41.209518,13.585919,ov_il_molo_41.2095_13.5859,IL MOLO,RESTAURANT,ristorante,https://raw.githubusercontent.com/pasqualelembo78/huntix-poi/main/italia/campania/gaeta/pages/il_molo_41.2095_13.5859.json,custom
41.209456,13.586183,ov_mare_fritto___e_isole_comprese_41.2095_13.5862,Mare Fritto...e isole comprese,RESTAURANT,ristorante,https://raw.githubusercontent.com/pasqualelembo78/huntix-poi/main/italia/campania/gaeta/pages/mare_frittoe_isole_comprese_41.2095_13.5862.json,custom
41.209219,13.585843,ov_nar__41.2092_13.5858,Narì,RESTAURANT,ristorante,https://raw.githubusercontent.com/pasqualelembo78/huntix-poi/main/italia/campania/gaeta/pages/nar_41.2092_13.5858.json,custom
41.209274,13.586358,ov_calpurnio___restaurant___pizzeria_41.2093_13.5864,Calpurnio - Restaurant & Pizzeria,RESTAURANT,ristorante,https://raw.githubusercontent.com/pasqualelembo78/huntix-poi/main/italia/campania/gaeta/pages/calpurnio_-_restaurant_pizzeria_41.2093_13.5864.json,custom
41.208629,13.586976,ov_donna_nina_trattoria_41.2086_13.5870,Donna Nina Trattoria,RESTAURANT,ristorante,https://raw.githubusercontent.com/pasqualelembo78/huntix-poi/main/italia/campania/gaeta/pages/donna_nina_trattoria_41.2086_13.5870.json,custom
41.208652,13.587746,ov_antico_vico_41.2087_13.5877,Antico Vico,RESTAURANT,ristorante,https://raw.githubusercontent.com/pasqualelembo78/huntix-poi/main/italia/campania/gaeta/pages/antico_vico_41.2087_13.5877.json,custom
41.209085,13.587085,ov_la_cantina_di_ciccillo_41.2091_13.5871,La Cantina di Ciccillo,RESTAURANT,ristorante,https://raw.githubusercontent.com/pasqualelembo78/huntix-poi/main/italia/campania/gaeta/pages/la_cantina_di_ciccillo_41.2091_13.5871.json,custom
41.209201,13.587511,ov_lupodimare_41.2092_13.5875,Lupodimare,RESTAURANT,ristorante,https://raw.githubusercontent.com/pasqualelembo78/huntix-poi/main/italia/campania/gaeta/pages/lupodimare_41.2092_13.5875.json,custom
41.209172,13.587531,ov_a_casa_mia_41.2092_13.5875,A casa mia,RESTAURANT,ristorante,https://raw.githubusercontent.com/pasqualelembo78/huntix-poi/main/italia/campania/gaeta/pages/a_casa_mia_41.2092_13.5875.json,custom
41.209115,13.588168,ov_kasa_incanto_41.2091_13.5882,Kasa Incanto,RESTAURANT,ristorante,https://raw.githubusercontent.com/pasqualelembo78/huntix-poi/main/italia/campania/gaeta/pages/kasa_incanto_41.2091_13.5882.json,custom
41.208645,13.587933,ov_le_sale_della_regina_41.2086_13.5879,Le Sale della Regina,RESTAURANT,ristorante,https://raw.githubusercontent.com/pasqualelembo78/huntix-poi/main/italia/campania/gaeta/pages/le_sale_della_regina_41.2086_13.5879.json,custom
41.209195,13.588784,ov_amistad_36_41.2092_13.5888,Amistad 36,RESTAURANT,ristorante,https://raw.githubusercontent.com/pasqualelembo78/huntix-poi/main/italia/campania/gaeta/pages/amistad_36_41.2092_13.5888.json,custom
41.209251,13.588879,ov_ristorante_mediterraneo_41.2093_13.5889,Ristorante Mediterraneo,RESTAURANT,ristorante,https://raw.githubusercontent.com/pasqualelembo78/huntix-poi/main/italia/campania/gaeta/pages/ristorante_mediterraneo_41.2093_13.5889.json,custom
41.209250,13.588850,ov_pizzeria_del_porto_41.2092_13.5889,Pizzeria del Porto,RESTAURANT,ristorante,https://raw.githubusercontent.com/pasqualelembo78/huntix-poi/main/italia/campania/gaeta/pages/pizzeria_del_porto_41.2092_13.5889.json,custom
41.209612,13.569089,ov_cheers_restaurant___beach_bar_41.2096_13.5691,Cheers Restaurant & Beach Bar,RESTAURANT,ristorante,https://raw.githubusercontent.com/pasqualelembo78/huntix-poi/main/italia/campania/gaeta/pages/cheers_restaurant_beach_bar_41.2096_13.5691.json,custom
41.209411,13.570806,ov_palm_beach_gaeta_41.2094_13.5708,Palm Beach Gaeta,RESTAURANT,ristorante,https://raw.githubusercontent.com/pasqualelembo78/huntix-poi/main/italia/campania/gaeta/pages/palm_beach_gaeta_41.2094_13.5708.json,custom
41.206729,13.571831,ov_ristorante_bar_la_garitta_41.2067_13.5718,Ristorante Bar La Garitta,RESTAURANT,ristorante,https://raw.githubusercontent.com/pasqualelembo78/huntix-poi/main/italia/campania/gaeta/pages/ristorante_bar_la_garitta_41.2067_13.5718.json,custom
41.213180,13.576808,ov_ristorante_il_follaro_41.2132_13.5768,Ristorante Il Follaro,RESTAURANT,ristorante,https://raw.githubusercontent.com/pasqualelembo78/huntix-poi/main/italia/campania/gaeta/pages/ristorante_il_follaro_41.2132_13.5768.json,custom
41.212180,13.571930,ov_grotta_del_turco_41.2122_13.5719,Grotta del Turco,RESTAURANT,ristorante,https://raw.githubusercontent.com/pasqualelembo78/huntix-poi/main/italia/campania/gaeta/pages/grotta_del_turco_41.2122_13.5719.json,custom
41.210565,13.571679,ov_trattoria_nereide_41.2106_13.5717,Trattoria Nereide,RESTAURANT,ristorante,https://raw.githubusercontent.com/pasqualelembo78/huntix-poi/main/italia/campania/gaeta/pages/trattoria_nereide_41.2106_13.5717.json,custom
41.210565,13.571679,ov_ristorante_internazionale_di_leccese_d___41.2106_13.5717,Ristorante Internazionale di Leccese D.& R.Sas,RESTAURANT,ristorante,https://raw.githubusercontent.com/pasqualelembo78/huntix-poi/main/italia/campania/gaeta/pages/ristorante_internazionale_di_leccese_d_r_41.2106_13.5717.json,custom
41.210446,13.571596,ov_oasis_club_41.2104_13.5716,Oasis Club,RESTAURANT,ristorante,https://raw.githubusercontent.com/pasqualelembo78/huntix-poi/main/italia/campania/gaeta/pages/oasis_club_41.2104_13.5716.json,custom
41.211840,13.569819,ov_alimentari_ninotto_41.2118_13.5698,Alimentari Ninotto,RESTAURANT,ristorante,https://raw.githubusercontent.com/pasqualelembo78/huntix-poi/main/italia/campania/gaeta/pages/alimentari_ninotto_41.2118_13.5698.json,custom
41.209975,13.567884,ov_ristorante_pizzeria_sirio_41.2100_13.5679,Ristorante Pizzeria Sirio,RESTAURANT,ristorante,https://raw.githubusercontent.com/pasqualelembo78/huntix-poi/main/italia/campania/gaeta/pages/ristorante_pizzeria_sirio_41.2100_13.5679.json,custom
41.213918,13.568081,ov_pizzeria_del_corso_41.2139_13.5681,Pizzeria del Corso,RESTAURANT,ristorante,https://raw.githubusercontent.com/pasqualelembo78/huntix-poi/main/italia/campania/gaeta/pages/pizzeria_del_corso_41.2139_13.5681.json,custom
41.213069,13.566581,ov_la_signora_m__41.2131_13.5666,La Signora M.,RESTAURANT,ristorante,https://raw.githubusercontent.com/pasqualelembo78/huntix-poi/main/italia/campania/gaeta/pages/la_signora_m_41.2131_13.5666.json,custom
41.213087,13.566395,ov_pizzeria_boom_boom_41.2131_13.5664,Pizzeria Boom Boom,RESTAURANT,ristorante,https://raw.githubusercontent.com/pasqualelembo78/huntix-poi/main/italia/campania/gaeta/pages/pizzeria_boom_boom_41.2131_13.5664.json,custom
41.213430,13.564778,ov_l_arte_della_pizza_41.2134_13.5648,L'Arte della Pizza,RESTAURANT,ristorante,https://raw.githubusercontent.com/pasqualelembo78/huntix-poi/main/italia/campania/gaeta/pages/larte_della_pizza_41.2134_13.5648.json,custom
41.211933,13.560019,ov_gong_beach_club_41.2119_13.5600,Gong Beach Club,RESTAURANT,ristorante,https://raw.githubusercontent.com/pasqualelembo78/huntix-poi/main/italia/campania/gaeta/pages/gong_beach_club_41.2119_13.5600.json,custom
41.211903,13.560513,ov_lido_selene___gaeta_41.2119_13.5605,Lido Selene - Gaeta,RESTAURANT,ristorante,https://raw.githubusercontent.com/pasqualelembo78/huntix-poi/main/italia/campania/gaeta/pages/lido_selene_-_gaeta_41.2119_13.5605.json,custom
41.211445,13.562371,ov_cycas_41.2114_13.5624,Cycas,RESTAURANT,ristorante,https://raw.githubusercontent.com/pasqualelembo78/huntix-poi/main/italia/campania/gaeta/pages/cycas_41.2114_13.5624.json,custom
41.211110,13.564590,ov_nippon_experience_gaeta_41.2111_13.5646,Nippon Experience Gaeta,RESTAURANT,ristorante,https://raw.githubusercontent.com/pasqualelembo78/huntix-poi/main/italia/campania/gaeta/pages/nippon_experience_gaeta_41.2111_13.5646.json,custom
41.211481,13.559105,ov_lido_luna_rossa_41.2115_13.5591,Lido Luna Rossa,RESTAURANT,ristorante,https://raw.githubusercontent.com/pasqualelembo78/huntix-poi/main/italia/campania/gaeta/pages/lido_luna_rossa_41.2115_13.5591.json,custom
41.213551,13.544770,ov_l__oro_del_golfo_41.2136_13.5448,L' Oro Del Golfo,RESTAURANT,ristorante,https://raw.githubusercontent.com/pasqualelembo78/huntix-poi/main/italia/campania/gaeta/pages/l_oro_del_golfo_41.2136_13.5448.json,custom
41.212714,13.543034,ov_ristorante_lido_ariana_41.2127_13.5430,Ristorante Lido Ariana,RESTAURANT,ristorante,https://raw.githubusercontent.com/pasqualelembo78/huntix-poi/main/italia/campania/gaeta/pages/ristorante_lido_ariana_41.2127_13.5430.json,custom
41.213038,13.542874,ov_ariana_village_41.2130_13.5429,Ariana Village,RESTAURANT,ristorante,https://raw.githubusercontent.com/pasqualelembo78/huntix-poi/main/italia/campania/gaeta/pages/ariana_village_41.2130_13.5429.json,custom
41.207844,13.552344,ov_paitte_41.2078_13.5523,Paitte,RESTAURANT,ristorante,https://raw.githubusercontent.com/pasqualelembo78/huntix-poi/main/italia/campania/gaeta/pages/paitte_41.2078_13.5523.json,custom
41.226322,13.503659,ov_magie_ristorante_41.2263_13.5037,Magie Ristorante,RESTAURANT,ristorante,https://raw.githubusercontent.com/pasqualelembo78/huntix-poi/main/italia/campania/gaeta/pages/magie_ristorante_41.2263_13.5037.json,custom
41.227261,13.503072,ov_offline_41.2273_13.5031,Offline,RESTAURANT,ristorante,https://raw.githubusercontent.com/pasqualelembo78/huntix-poi/main/italia/campania/gaeta/pages/offline_41.2273_13.5031.json,custom
41.226090,13.514140,ov_le_dune_gaeta_41.2261_13.5141,Le Dune Gaeta,RESTAURANT,ristorante,https://raw.githubusercontent.com/pasqualelembo78/huntix-poi/main/italia/campania/gaeta/pages/le_dune_gaeta_41.2261_13.5141.json,custom
41.224586,13.523407,ov_ristoro_arenauta_41.2246_13.5234,Ristoro Arenauta,RESTAURANT,ristorante,https://raw.githubusercontent.com/pasqualelembo78/huntix-poi/main/italia/campania/gaeta/pages/ristoro_arenauta_41.2246_13.5234.json,custom
41.214966,13.540465,ov_christian_ristorante_gaeta_41.2150_13.5405,Christian Ristorante Gaeta,RESTAURANT,ristorante,https://raw.githubusercontent.com/pasqualelembo78/huntix-poi/main/italia/campania/gaeta/pages/christian_ristorante_gaeta_41.2150_13.5405.json,custom
41.214536,13.563639,ov_gemma_vendita_prodotti_ittici_gaeta_41.2145_13.5636,Gemma Vendita Prodotti Ittici Gaeta,RESTAURANT,ristorante,https://raw.githubusercontent.com/pasqualelembo78/huntix-poi/main/italia/campania/gaeta/pages/gemma_vendita_prodotti_ittici_gaeta_41.2145_13.5636.json,custom
41.215400,13.562962,ov_la_taverna_di_mino_41.2154_13.5630,La Taverna di Mino,RESTAURANT,ristorante,https://raw.githubusercontent.com/pasqualelembo78/huntix-poi/main/italia/campania/gaeta/pages/la_taverna_di_mino_41.2154_13.5630.json,custom
41.224547,13.564473,ov_pizza_ca__legna_41.2245_13.5645,Pizza Ca' Legna,RESTAURANT,ristorante,https://raw.githubusercontent.com/pasqualelembo78/huntix-poi/main/italia/campania/gaeta/pages/pizza_ca_legna_41.2245_13.5645.json,custom
41.232154,13.524233,ov_trattoria_longato_41.2322_13.5242,Trattoria Longato,RESTAURANT,ristorante,https://raw.githubusercontent.com/pasqualelembo78/huntix-poi/main/italia/campania/gaeta/pages/trattoria_longato_41.2322_13.5242.json,custom
41.288283,13.529300,ov_enzo_manfellotti_chef_41.2883_13.5293,Enzo Manfellotti Chef,RESTAURANT,ristorante,https://raw.githubusercontent.com/pasqualelembo78/huntix-poi/main/italia/campania/gaeta/pages/enzo_manfellotti_chef_41.2883_13.5293.json,custom
41.243423,13.577460,ov_le_sale_del_gusto_41.2434_13.5775,Le sale del gusto,RESTAURANT,ristorante,https://raw.githubusercontent.com/pasqualelembo78/huntix-poi/main/italia/campania/gaeta/pages/le_sale_del_gusto_41.2434_13.5775.json,custom
41.237786,13.571540,ov_la_bella_napoli_41.2378_13.5715,La bella Napoli,RESTAURANT,ristorante,https://raw.githubusercontent.com/pasqualelembo78/huntix-poi/main/italia/campania/gaeta/pages/la_bella_napoli_41.2378_13.5715.json,custom
41.232641,13.567281,ov_ristorante_pizzeria_il_nostromo_41.2326_13.5673,Ristorante Pizzeria Il Nostromo,RESTAURANT,ristorante,https://raw.githubusercontent.com/pasqualelembo78/huntix-poi/main/italia/campania/gaeta/pages/ristorante_pizzeria_il_nostromo_41.2326_13.5673.json,custom
41.231446,13.567378,ov_old_wild_west___gaeta_41.2314_13.5674,Old Wild West - Gaeta,RESTAURANT,ristorante,https://raw.githubusercontent.com/pasqualelembo78/huntix-poi/main/italia/campania/gaeta/pages/old_wild_west_-_gaeta_41.2314_13.5674.json,custom
41.231082,13.567446,ov_waves_41.2311_13.5674,Waves,RESTAURANT,ristorante,https://raw.githubusercontent.com/pasqualelembo78/huntix-poi/main/italia/campania/gaeta/pages/waves_41.2311_13.5674.json,custom
41.230754,13.567045,ov_mamma_mia_gaeta_41.2308_13.5670,Mamma Mia Gaeta,RESTAURANT,ristorante,https://raw.githubusercontent.com/pasqualelembo78/huntix-poi/main/italia/campania/gaeta/pages/mamma_mia_gaeta_41.2308_13.5670.json,custom
41.230152,13.566780,ov_bistrot_st__louis_41.2302_13.5668,Bistrot st. Louis,RESTAURANT,ristorante,https://raw.githubusercontent.com/pasqualelembo78/huntix-poi/main/italia/campania/gaeta/pages/bistrot_st_louis_41.2302_13.5668.json,custom
41.229007,13.566584,ov_pizzeria_tielleria_41.2290_13.5666,Pizzeria Tielleria,RESTAURANT,ristorante,https://raw.githubusercontent.com/pasqualelembo78/huntix-poi/main/italia/campania/gaeta/pages/pizzeria_tielleria_41.2290_13.5666.json,custom
41.228754,13.566459,ov_aeneas_landing_41.2288_13.5665,Aeneas'Landing,RESTAURANT,ristorante,https://raw.githubusercontent.com/pasqualelembo78/huntix-poi/main/italia/campania/gaeta/pages/aeneaslanding_41.2288_13.5665.json,custom
41.224159,13.568234,ov_osteria_il_ritrovo_41.2242_13.5682,Osteria Il Ritrovo,RESTAURANT,ristorante,https://raw.githubusercontent.com/pasqualelembo78/huntix-poi/main/italia/campania/gaeta/pages/osteria_il_ritrovo_41.2242_13.5682.json,custom
41.224775,13.566199,ov_mimi_bar_bistro_41.2248_13.5662,Mimi Bar Bistro,RESTAURANT,ristorante,https://raw.githubusercontent.com/pasqualelembo78/huntix-poi/main/italia/campania/gaeta/pages/mimi_bar_bistro_41.2248_13.5662.json,custom
41.222893,13.568397,ov_ristorante_pub_pizzeria_el_cobar_41.2229_13.5684,Ristorante-Pub-Pizzeria El Cobar,RESTAURANT,ristorante,https://raw.githubusercontent.com/pasqualelembo78/huntix-poi/main/italia/campania/gaeta/pages/ristorante-pub-pizzeria_el_cobar_41.2229_13.5684.json,custom
41.223508,13.570177,ov_comeilmare_41.2235_13.5702,Comeilmare,RESTAURANT,ristorante,https://raw.githubusercontent.com/pasqualelembo78/huntix-poi/main/italia/campania/gaeta/pages/comeilmare_41.2235_13.5702.json,custom
41.223842,13.569111,ov_pizzeria_da_carrettella_41.2238_13.5691,Pizzeria da Carrettella,RESTAURANT,ristorante,https://raw.githubusercontent.com/pasqualelembo78/huntix-poi/main/italia/campania/gaeta/pages/pizzeria_da_carrettella_41.2238_13.5691.json,custom
41.220650,13.569200,ov_cuor_di_pizza_41.2206_13.5692,Cuor di Pizza,RESTAURANT,ristorante,https://raw.githubusercontent.com/pasqualelembo78/huntix-poi/main/italia/campania/gaeta/pages/cuor_di_pizza_41.2206_13.5692.json,custom
41.221810,13.569730,ov_sciarl__sul_mare_41.2218_13.5697,Sciarlò sul Mare,RESTAURANT,ristorante,https://raw.githubusercontent.com/pasqualelembo78/huntix-poi/main/italia/campania/gaeta/pages/sciarl_sul_mare_41.2218_13.5697.json,custom
41.222582,13.569939,ov_ristorante_pizzeria_adriano_a_mare_41.2226_13.5699,Ristorante Pizzeria Adriano a Mare,RESTAURANT,ristorante,https://raw.githubusercontent.com/pasqualelembo78/huntix-poi/main/italia/campania/gaeta/pages/ristorante_pizzeria_adriano_a_mare_41.2226_13.5699.json,custom
41.221840,13.568510,ov_oro_nero_41.2218_13.5685,Oro Nero,RESTAURANT,ristorante,https://raw.githubusercontent.com/pasqualelembo78/huntix-poi/main/italia/campania/gaeta/pages/oro_nero_41.2218_13.5685.json,custom
41.219253,13.566585,ov_le_bifore_41.2193_13.5666,Le Bifore,RESTAURANT,ristorante,https://raw.githubusercontent.com/pasqualelembo78/huntix-poi/main/italia/campania/gaeta/pages/le_bifore_41.2193_13.5666.json,custom
41.218597,13.570606,ov_andale_41.2186_13.5706,Andale,RESTAURANT,ristorante,https://raw.githubusercontent.com/pasqualelembo78/huntix-poi/main/italia/campania/gaeta/pages/andale_41.2186_13.5706.json,custom
41.218665,13.570590,ov_trattoria_pizzeria_il_mandracchio_41.2187_13.5706,Trattoria Pizzeria Il Mandracchio,RESTAURANT,ristorante,https://raw.githubusercontent.com/pasqualelembo78/huntix-poi/main/italia/campania/gaeta/pages/trattoria_pizzeria_il_mandracchio_41.2187_13.5706.json,custom
41.219187,13.569539,ov_bless_gaeta_41.2192_13.5695,Bless Gaeta,RESTAURANT,ristorante,https://raw.githubusercontent.com/pasqualelembo78/huntix-poi/main/italia/campania/gaeta/pages/bless_gaeta_41.2192_13.5695.json,custom
41.220416,13.569099,ov_osteria_gaetana_41.2204_13.5691,Osteria Gaetana,RESTAURANT,ristorante,https://raw.githubusercontent.com/pasqualelembo78/huntix-poi/main/italia/campania/gaeta/pages/osteria_gaetana_41.2204_13.5691.json,custom
41.219960,13.569840,ov_old_wild_west_41.2200_13.5698,Old Wild West,RESTAURANT,ristorante,https://raw.githubusercontent.com/pasqualelembo78/huntix-poi/main/italia/campania/gaeta/pages/old_wild_west_41.2200_13.5698.json,custom
41.218244,13.570675,ov_istanbul_21_kebab_41.2182_13.5707,Istanbul 21 Kebab,RESTAURANT,ristorante,https://raw.githubusercontent.com/pasqualelembo78/huntix-poi/main/italia/campania/gaeta/pages/istanbul_21_kebab_41.2182_13.5707.json,custom
41.217072,13.570375,ov_alla_piazzetta_tielleria_41.2171_13.5704,Alla Piazzetta Tielleria,RESTAURANT,ristorante,https://raw.githubusercontent.com/pasqualelembo78/huntix-poi/main/italia/campania/gaeta/pages/alla_piazzetta_tielleria_41.2171_13.5704.json,custom
41.216848,13.570632,ov_ristorante_la_pescheria_gaeta_41.2168_13.5706,Ristorante La Pescheria Gaeta,RESTAURANT,ristorante,https://raw.githubusercontent.com/pasqualelembo78/huntix-poi/main/italia/campania/gaeta/pages/ristorante_la_pescheria_gaeta_41.2168_13.5706.json,custom
41.216505,13.570180,ov_pasta_indipendente_41.2165_13.5702,Pasta Indipendente,RESTAURANT,ristorante,https://raw.githubusercontent.com/pasqualelembo78/huntix-poi/main/italia/campania/gaeta/pages/pasta_indipendente_41.2165_13.5702.json,custom
41.216796,13.569407,ov_le_terrazze_della_pescheria_41.2168_13.5694,Le Terrazze della Pescheria,RESTAURANT,ristorante,https://raw.githubusercontent.com/pasqualelembo78/huntix-poi/main/italia/campania/gaeta/pages/le_terrazze_della_pescheria_41.2168_13.5694.json,custom
41.217376,13.570315,ov_pizzeria_corso_attico_41.2174_13.5703,Pizzeria Corso Attico,RESTAURANT,ristorante,https://raw.githubusercontent.com/pasqualelembo78/huntix-poi/main/italia/campania/gaeta/pages/pizzeria_corso_attico_41.2174_13.5703.json,custom
41.217436,13.570357,ov_mama_pizza_41.2174_13.5704,Mama pizza,RESTAURANT,ristorante,https://raw.githubusercontent.com/pasqualelembo78/huntix-poi/main/italia/campania/gaeta/pages/mama_pizza_41.2174_13.5704.json,custom
41.218066,13.569832,ov_la_rete_hostaria___pizzeria_41.2181_13.5698,La Rete Hostaria & Pizzeria,RESTAURANT,ristorante,https://raw.githubusercontent.com/pasqualelembo78/huntix-poi/main/italia/campania/gaeta/pages/la_rete_hostaria_pizzeria_41.2181_13.5698.json,custom
41.216713,13.568774,ov_jarama_pizza_alla_brace___gaeta_41.2167_13.5688,Jarama Pizza alla Brace - Gaeta,RESTAURANT,ristorante,https://raw.githubusercontent.com/pasqualelembo78/huntix-poi/main/italia/campania/gaeta/pages/jarama_pizza_alla_brace_-_gaeta_41.2167_13.5688.json,custom
41.214664,13.566285,ov_ristorante_pizzeria_atratino_41.2147_13.5663,Ristorante Pizzeria Atratino,RESTAURANT,ristorante,https://raw.githubusercontent.com/pasqualelembo78/huntix-poi/main/italia/campania/gaeta/pages/ristorante_pizzeria_atratino_41.2147_13.5663.json,custom
41.214539,13.568606,ov_pizzeria_2000_gaeta_41.2145_13.5686,Pizzeria 2000 Gaeta,RESTAURANT,ristorante,https://raw.githubusercontent.com/pasqualelembo78/huntix-poi/main/italia/campania/gaeta/pages/pizzeria_2000_gaeta_41.2145_13.5686.json,custom
41.215344,13.569407,ov_pizzeria_rosticceria_da_franco_41.2153_13.5694,Pizzeria Rosticceria da Franco,RESTAURANT,ristorante,https://raw.githubusercontent.com/pasqualelembo78/huntix-poi/main/italia/campania/gaeta/pages/pizzeria_rosticceria_da_franco_41.2153_13.5694.json,custom
41.215930,13.570410,ov_pizz_art_41.2159_13.5704,Pizz'Art,RESTAURANT,ristorante,https://raw.githubusercontent.com/pasqualelembo78/huntix-poi/main/italia/campania/gaeta/pages/pizzart_41.2159_13.5704.json,custom
41.216090,13.570241,ov_profumo_di_pizza_41.2161_13.5702,Profumo di pizza,RESTAURANT,ristorante,https://raw.githubusercontent.com/pasqualelembo78/huntix-poi/main/italia/campania/gaeta/pages/profumo_di_pizza_41.2161_13.5702.json,custom
41.215390,13.570627,ov_reginella_41.2154_13.5706,Reginella,RESTAURANT,ristorante,https://raw.githubusercontent.com/pasqualelembo78/huntix-poi/main/italia/campania/gaeta/pages/reginella_41.2154_13.5706.json,custom
41.215287,13.570727,ov_pizzeria_rustica_41.2153_13.5707,Pizzeria Rustica,RESTAURANT,ristorante,https://raw.githubusercontent.com/pasqualelembo78/huntix-poi/main/italia/campania/gaeta/pages/pizzeria_rustica_41.2153_13.5707.json,custom
41.215532,13.571102,ov_trattoria_la_bella_napoli_41.2155_13.5711,Trattoria La Bella Napoli,RESTAURANT,ristorante,https://raw.githubusercontent.com/pasqualelembo78/huntix-poi/main/italia/campania/gaeta/pages/trattoria_la_bella_napoli_41.2155_13.5711.json,custom
41.215739,13.570960,ov_la_tana_di_cagliostro_41.2157_13.5710,La Tana di Cagliostro,RESTAURANT,ristorante,https://raw.githubusercontent.com/pasqualelembo78/huntix-poi/main/italia/campania/gaeta/pages/la_tana_di_cagliostro_41.2157_13.5710.json,custom
41.215940,13.570908,ov_ristorante_passi_41.2159_13.5709,Ristorante Passi,RESTAURANT,ristorante,https://raw.githubusercontent.com/pasqualelembo78/huntix-poi/main/italia/campania/gaeta/pages/ristorante_passi_41.2159_13.5709.json,custom
41.214928,13.571197,ov_triestina_gaeta_41.2149_13.5712,Triestina Gaeta,RESTAURANT,ristorante,https://raw.githubusercontent.com/pasqualelembo78/huntix-poi/main/italia/campania/gaeta/pages/triestina_gaeta_41.2149_13.5712.json,custom
41.214459,13.570832,ov_antica_pizzeria_rossomargherita_41.2145_13.5708,Antica Pizzeria Rossomargherita,RESTAURANT,ristorante,https://raw.githubusercontent.com/pasqualelembo78/huntix-poi/main/italia/campania/gaeta/pages/antica_pizzeria_rossomargherita_41.2145_13.5708.json,custom
41.214231,13.571770,ov_seicento14_41.2142_13.5718,Seicento14,RESTAURANT,ristorante,https://raw.githubusercontent.com/pasqualelembo78/huntix-poi/main/italia/campania/gaeta/pages/seicento14_41.2142_13.5718.json,custom
41.212105,13.561170,osm_serapo_pizza_41.2121_13.5612,Serapo Pizza,ristorante,ristorante,https://raw.githubusercontent.com/pasqualelembo78/huntix-poi/main/italia/campania/gaeta/pages/serapo_pizza_41.2121_13.5612.json,custom
41.232399,13.567006,osm_il_nostromo_41.2324_13.5670,Il Nostromo,ristorante,ristorante,https://raw.githubusercontent.com/pasqualelembo78/huntix-poi/main/italia/campania/gaeta/pages/il_nostromo_41.2324_13.5670.json,custom
41.208926,13.584076,osm_masaniello_41.2089_13.5841,Masaniello,ristorante,ristorante,https://raw.githubusercontent.com/pasqualelembo78/huntix-poi/main/italia/campania/gaeta/pages/masaniello_41.2089_13.5841.json,custom
41.230959,13.567816,osm_old_wild_west_41.2310_13.5678,Old Wild West,ristorante,ristorante,https://raw.githubusercontent.com/pasqualelembo78/huntix-poi/main/italia/campania/gaeta/pages/old_wild_west_41.2310_13.5678.json,custom
41.219180,13.569564,osm_bless_41.2192_13.5696,Bless,ristorante,ristorante,https://raw.githubusercontent.com/pasqualelembo78/huntix-poi/main/italia/campania/gaeta/pages/bless_41.2192_13.5696.json,custom
41.224157,13.569472,osm_maric__41.2242_13.5695,Maricò,ristorante,ristorante,https://raw.githubusercontent.com/pasqualelembo78/huntix-poi/main/italia/campania/gaeta/pages/maric_41.2242_13.5695.json,custom
41.208922,13.586029,osm_aura_41.2089_13.5860,Aura,ristorante,ristorante,https://raw.githubusercontent.com/pasqualelembo78/huntix-poi/main/italia/campania/gaeta/pages/aura_41.2089_13.5860.json,custom
41.214401,13.570772,osm_rossomargherita_41.2144_13.5708,RossoMargherita,ristorante,ristorante,https://raw.githubusercontent.com/pasqualelembo78/huntix-poi/main/italia/campania/gaeta/pages/rossomargherita_41.2144_13.5708.json,custom
41.227305,13.503016,osm_ristorante_offline_41.2273_13.5030,Ristorante Offline,ristorante,ristorante,https://raw.githubusercontent.com/pasqualelembo78/huntix-poi/main/italia/campania/gaeta/pages/ristorante_offline_41.2273_13.5030.json,custom
41.224859,13.565835,osm_pizza_ca_legna_41.2249_13.5658,Pizza Ca'Legna,ristorante,ristorante,https://raw.githubusercontent.com/pasqualelembo78/huntix-poi/main/italia/campania/gaeta/pages/pizza_calegna_41.2249_13.5658.json,custom
41.213108,13.579174,ov_anna_s_bar_41.2131_13.5792,Anna's Bar,RESTAURANT,bar_cafe,https://raw.githubusercontent.com/pasqualelembo78/huntix-poi/main/italia/campania/gaeta/pages/annas_bar_41.2131_13.5792.json,custom
41.210263,13.582431,ov_mob_41.2103_13.5824,MOB,RESTAURANT,bar_cafe,https://raw.githubusercontent.com/pasqualelembo78/huntix-poi/main/italia/campania/gaeta/pages/mob_41.2103_13.5824.json,custom
41.210270,13.582421,ov_rude_club_41.2103_13.5824,Rude Club,RESTAURANT,bar_cafe,https://raw.githubusercontent.com/pasqualelembo78/huntix-poi/main/italia/campania/gaeta/pages/rude_club_41.2103_13.5824.json,custom
41.210416,13.582181,ov_tredici_41.2104_13.5822,Tredici,RESTAURANT,bar_cafe,https://raw.githubusercontent.com/pasqualelembo78/huntix-poi/main/italia/campania/gaeta/pages/tredici_41.2104_13.5822.json,custom
41.210651,13.582398,ov_christian_bar_41.2107_13.5824,Christian Bar,RESTAURANT,bar_cafe,https://raw.githubusercontent.com/pasqualelembo78/huntix-poi/main/italia/campania/gaeta/pages/christian_bar_41.2107_13.5824.json,custom
41.209346,13.585089,ov_bar_bazzanti_41.2093_13.5851,Bar Bazzanti,RESTAURANT,bar_cafe,https://raw.githubusercontent.com/pasqualelembo78/huntix-poi/main/italia/campania/gaeta/pages/bar_bazzanti_41.2093_13.5851.json,custom
41.209157,13.584380,ov_lia_s_cafe_41.2092_13.5844,Lia's Cafe,RESTAURANT,bar_cafe,https://raw.githubusercontent.com/pasqualelembo78/huntix-poi/main/italia/campania/gaeta/pages/lias_cafe_41.2092_13.5844.json,custom
41.208918,13.583489,ov_caff__traniello_41.2089_13.5835,Caffè Traniello,RESTAURANT,bar_cafe,https://raw.githubusercontent.com/pasqualelembo78/huntix-poi/main/italia/campania/gaeta/pages/caff_traniello_41.2089_13.5835.json,custom
41.208844,13.586101,ov_caos_calmo_41.2088_13.5861,Caos Calmo,RESTAURANT,bar_cafe,https://raw.githubusercontent.com/pasqualelembo78/huntix-poi/main/italia/campania/gaeta/pages/caos_calmo_41.2088_13.5861.json,custom
41.208850,13.585870,ov_pub_california___gaeta_41.2088_13.5859,Pub California - Gaeta,RESTAURANT,bar_cafe,https://raw.githubusercontent.com/pasqualelembo78/huntix-poi/main/italia/campania/gaeta/pages/pub_california_-_gaeta_41.2088_13.5859.json,custom
41.208810,13.587625,ov_radio_bottega_41.2088_13.5876,Radio Bottega,RESTAURANT,bar_cafe,https://raw.githubusercontent.com/pasqualelembo78/huntix-poi/main/italia/campania/gaeta/pages/radio_bottega_41.2088_13.5876.json,custom
41.209070,13.587538,ov_la_francese_41.2091_13.5875,La Francese,RESTAURANT,bar_cafe,https://raw.githubusercontent.com/pasqualelembo78/huntix-poi/main/italia/campania/gaeta/pages/la_francese_41.2091_13.5875.json,custom
41.209218,13.587473,ov_lupo_di_mare_guinness_41.2092_13.5875,Lupo di Mare Guinness,RESTAURANT,bar_cafe,https://raw.githubusercontent.com/pasqualelembo78/huntix-poi/main/italia/campania/gaeta/pages/lupo_di_mare_guinness_41.2092_13.5875.json,custom
41.209644,13.589074,ov_birra_del_lupolo_41.2096_13.5891,Birra del Lupolo,RESTAURANT,bar_cafe,https://raw.githubusercontent.com/pasqualelembo78/huntix-poi/main/italia/campania/gaeta/pages/birra_del_lupolo_41.2096_13.5891.json,custom
41.209103,13.589712,ov_terrazza_regina_sofia_41.2091_13.5897,Terrazza Regina Sofia,RESTAURANT,bar_cafe,https://raw.githubusercontent.com/pasqualelembo78/huntix-poi/main/italia/campania/gaeta/pages/terrazza_regina_sofia_41.2091_13.5897.json,custom
41.213343,13.578214,ov_rendez_vous_41.2133_13.5782,Rendez vous,RESTAURANT,bar_cafe,https://raw.githubusercontent.com/pasqualelembo78/huntix-poi/main/italia/campania/gaeta/pages/rendez_vous_41.2133_13.5782.json,custom
41.213237,13.575546,ov_passion_flair_bartender_41.2132_13.5755,Passion Flair Bartender,RESTAURANT,bar_cafe,https://raw.githubusercontent.com/pasqualelembo78/huntix-poi/main/italia/campania/gaeta/pages/passion_flair_bartender_41.2132_13.5755.json,custom
41.213237,13.575546,ov_kaboto604_41.2132_13.5755,Kaboto604,RESTAURANT,bar_cafe,https://raw.githubusercontent.com/pasqualelembo78/huntix-poi/main/italia/campania/gaeta/pages/kaboto604_41.2132_13.5755.json,custom
41.213261,13.572035,ov_divas_bar_41.2133_13.5720,Divas Bar,RESTAURANT,bar_cafe,https://raw.githubusercontent.com/pasqualelembo78/huntix-poi/main/italia/campania/gaeta/pages/divas_bar_41.2133_13.5720.json,custom
41.213106,13.572248,ov_hangover_beer_and_food_41.2131_13.5722,Hangover Beer and Food,RESTAURANT,bar_cafe,https://raw.githubusercontent.com/pasqualelembo78/huntix-poi/main/italia/campania/gaeta/pages/hangover_beer_and_food_41.2131_13.5722.json,custom
41.213339,13.571837,ov_clash_bar_e_pub_41.2133_13.5718,CLASH bar e pub,RESTAURANT,bar_cafe,https://raw.githubusercontent.com/pasqualelembo78/huntix-poi/main/italia/campania/gaeta/pages/clash_bar_e_pub_41.2133_13.5718.json,custom
41.211325,13.571706,ov_bar_chiar_di_luna_41.2113_13.5717,Bar Chiar Di Luna,RESTAURANT,bar_cafe,https://raw.githubusercontent.com/pasqualelembo78/huntix-poi/main/italia/campania/gaeta/pages/bar_chiar_di_luna_41.2113_13.5717.json,custom
41.211451,13.571093,ov_la_caffetteria__gaeta_lt_41.2115_13.5711,"La Caffetteria, Gaeta Lt",RESTAURANT,bar_cafe,https://raw.githubusercontent.com/pasqualelembo78/huntix-poi/main/italia/campania/gaeta/pages/la_caffetteria_gaeta_lt_41.2115_13.5711.json,custom
41.210073,13.570323,ov_avalon_cafe_41.2101_13.5703,Avalon Cafe,RESTAURANT,bar_cafe,https://raw.githubusercontent.com/pasqualelembo78/huntix-poi/main/italia/campania/gaeta/pages/avalon_cafe_41.2101_13.5703.json,custom
41.210420,13.567426,ov_little_bar_41.2104_13.5674,Little Bar,RESTAURANT,bar_cafe,https://raw.githubusercontent.com/pasqualelembo78/huntix-poi/main/italia/campania/gaeta/pages/little_bar_41.2104_13.5674.json,custom
41.212635,13.566123,ov_brio_bar_41.2126_13.5661,Brio Bar,RESTAURANT,bar_cafe,https://raw.githubusercontent.com/pasqualelembo78/huntix-poi/main/italia/campania/gaeta/pages/brio_bar_41.2126_13.5661.json,custom
41.213792,13.567385,ov_bar__paninoteca_old_station_41.2138_13.5674,"Bar, Paninoteca Old Station",RESTAURANT,bar_cafe,https://raw.githubusercontent.com/pasqualelembo78/huntix-poi/main/italia/campania/gaeta/pages/bar_paninoteca_old_station_41.2138_13.5674.json,custom
41.213212,13.564808,ov_stenta_caf__41.2132_13.5648,Stenta Cafè,RESTAURANT,bar_cafe,https://raw.githubusercontent.com/pasqualelembo78/huntix-poi/main/italia/campania/gaeta/pages/stenta_caf_41.2132_13.5648.json,custom
41.211560,13.562430,ov_lido_risorgimento_gaeta_41.2116_13.5624,Lido Risorgimento Gaeta,RESTAURANT,bar_cafe,https://raw.githubusercontent.com/pasqualelembo78/huntix-poi/main/italia/campania/gaeta/pages/lido_risorgimento_gaeta_41.2116_13.5624.json,custom
41.211635,13.564737,ov_via_roma_18___drogheria_alcolica_41.2116_13.5647,Via Roma 18 - Drogheria alcolica,RESTAURANT,bar_cafe,https://raw.githubusercontent.com/pasqualelembo78/huntix-poi/main/italia/campania/gaeta/pages/via_roma_18_-_drogheria_alcolica_41.2116_13.5647.json,custom
41.211759,13.565488,ov_bar_sabbia_d_oro_41.2118_13.5655,Bar Sabbia d'Oro,RESTAURANT,bar_cafe,https://raw.githubusercontent.com/pasqualelembo78/huntix-poi/main/italia/campania/gaeta/pages/bar_sabbia_doro_41.2118_13.5655.json,custom
41.215376,13.558976,ov_flacca_caff__snc_41.2154_13.5590,Flacca caffè SNC,RESTAURANT,bar_cafe,https://raw.githubusercontent.com/pasqualelembo78/huntix-poi/main/italia/campania/gaeta/pages/flacca_caff_snc_41.2154_13.5590.json,custom
41.215260,13.563750,ov_caffe__cuore______41.2153_13.5638,Caffe' Cuore''''',RESTAURANT,bar_cafe,https://raw.githubusercontent.com/pasqualelembo78/huntix-poi/main/italia/campania/gaeta/pages/caffe_cuore_41.2153_13.5638.json,custom
41.215472,13.562818,ov_that_s_amore_cafe_41.2155_13.5628,That's Amore Cafe,RESTAURANT,bar_cafe,https://raw.githubusercontent.com/pasqualelembo78/huntix-poi/main/italia/campania/gaeta/pages/thats_amore_cafe_41.2155_13.5628.json,custom
41.224556,13.564708,ov_bar_la_mela_41.2246_13.5647,Bar La Mela,RESTAURANT,bar_cafe,https://raw.githubusercontent.com/pasqualelembo78/huntix-poi/main/italia/campania/gaeta/pages/bar_la_mela_41.2246_13.5647.json,custom
41.230316,13.564320,ov_enoteca_ciccariello_41.2303_13.5643,Enoteca Ciccariello,RESTAURANT,bar_cafe,https://raw.githubusercontent.com/pasqualelembo78/huntix-poi/main/italia/campania/gaeta/pages/enoteca_ciccariello_41.2303_13.5643.json,custom
41.236227,13.568218,ov_gaeta_geberit_pozzi_ginori_41.2362_13.5682,Gaeta Geberit-Pozzi Ginori,RESTAURANT,bar_cafe,https://raw.githubusercontent.com/pasqualelembo78/huntix-poi/main/italia/campania/gaeta/pages/gaeta_geberit-pozzi_ginori_41.2362_13.5682.json,custom
41.235972,13.568874,ov_bar_che_caffe_41.2360_13.5689,Bar Che Caffe,RESTAURANT,bar_cafe,https://raw.githubusercontent.com/pasqualelembo78/huntix-poi/main/italia/campania/gaeta/pages/bar_che_caffe_41.2360_13.5689.json,custom
41.232184,13.567362,ov_caffetteria_del_porto_41.2322_13.5674,Caffetteria del Porto,RESTAURANT,bar_cafe,https://raw.githubusercontent.com/pasqualelembo78/huntix-poi/main/italia/campania/gaeta/pages/caffetteria_del_porto_41.2322_13.5674.json,custom
41.231524,13.567090,ov_caffettiera_pasticceria_carmine_gaeta_41.2315_13.5671,Caffettiera Pasticceria Carmine Gaeta,RESTAURANT,bar_cafe,https://raw.githubusercontent.com/pasqualelembo78/huntix-poi/main/italia/campania/gaeta/pages/caffettiera_pasticceria_carmine_gaeta_41.2315_13.5671.json,custom
41.228950,13.566529,ov_planet_cafe_41.2289_13.5665,Planet Cafe,RESTAURANT,bar_cafe,https://raw.githubusercontent.com/pasqualelembo78/huntix-poi/main/italia/campania/gaeta/pages/planet_cafe_41.2289_13.5665.json,custom
41.227970,13.566340,ov_club_nautico_gaeta_41.2280_13.5663,Club Nautico Gaeta,RESTAURANT,bar_cafe,https://raw.githubusercontent.com/pasqualelembo78/huntix-poi/main/italia/campania/gaeta/pages/club_nautico_gaeta_41.2280_13.5663.json,custom
41.227003,13.566499,ov_bar_montreal_41.2270_13.5665,Bar Montreal,RESTAURANT,bar_cafe,https://raw.githubusercontent.com/pasqualelembo78/huntix-poi/main/italia/campania/gaeta/pages/bar_montreal_41.2270_13.5665.json,custom
41.226084,13.566624,ov_bar_spiaggia_41.2261_13.5666,Bar Spiaggia,RESTAURANT,bar_cafe,https://raw.githubusercontent.com/pasqualelembo78/huntix-poi/main/italia/campania/gaeta/pages/bar_spiaggia_41.2261_13.5666.json,custom
41.224103,13.568486,ov_gliu_bar_41.2241_13.5685,Gliu Bar,RESTAURANT,bar_cafe,https://raw.githubusercontent.com/pasqualelembo78/huntix-poi/main/italia/campania/gaeta/pages/gliu_bar_41.2241_13.5685.json,custom
41.223010,13.568490,ov_il_canneto_41.2230_13.5685,Il Canneto,RESTAURANT,bar_cafe,https://raw.githubusercontent.com/pasqualelembo78/huntix-poi/main/italia/campania/gaeta/pages/il_canneto_41.2230_13.5685.json,custom
41.223020,13.568500,ov_hula_hula_beach_bar_gaeta_41.2230_13.5685,Hula Hula Beach Bar Gaeta,RESTAURANT,bar_cafe,https://raw.githubusercontent.com/pasqualelembo78/huntix-poi/main/italia/campania/gaeta/pages/hula_hula_beach_bar_gaeta_41.2230_13.5685.json,custom
41.222745,13.570134,ov_la_pantera_rosa_41.2227_13.5701,La Pantera Rosa,RESTAURANT,bar_cafe,https://raw.githubusercontent.com/pasqualelembo78/huntix-poi/main/italia/campania/gaeta/pages/la_pantera_rosa_41.2227_13.5701.json,custom
41.220788,13.570418,ov_tide_bar_41.2208_13.5704,Tide Bar,RESTAURANT,bar_cafe,https://raw.githubusercontent.com/pasqualelembo78/huntix-poi/main/italia/campania/gaeta/pages/tide_bar_41.2208_13.5704.json,custom
41.218464,13.570597,ov_minibar_94_41.2185_13.5706,Minibar 94,RESTAURANT,bar_cafe,https://raw.githubusercontent.com/pasqualelembo78/huntix-poi/main/italia/campania/gaeta/pages/minibar_94_41.2185_13.5706.json,custom
41.218078,13.570651,ov_caboto_604_41.2181_13.5707,Caboto 604,RESTAURANT,bar_cafe,https://raw.githubusercontent.com/pasqualelembo78/huntix-poi/main/italia/campania/gaeta/pages/caboto_604_41.2181_13.5707.json,custom
41.216303,13.570856,ov_hermes_41.2163_13.5709,Hermes,RESTAURANT,bar_cafe,https://raw.githubusercontent.com/pasqualelembo78/huntix-poi/main/italia/campania/gaeta/pages/hermes_41.2163_13.5709.json,custom
41.216353,13.570225,ov_old_street_cafe_41.2164_13.5702,Old Street Cafe,RESTAURANT,bar_cafe,https://raw.githubusercontent.com/pasqualelembo78/huntix-poi/main/italia/campania/gaeta/pages/old_street_cafe_41.2164_13.5702.json,custom
41.217288,13.570614,ov_yacht_caf__la_cambusa_41.2173_13.5706,Yacht cafè la Cambusa,RESTAURANT,bar_cafe,https://raw.githubusercontent.com/pasqualelembo78/huntix-poi/main/italia/campania/gaeta/pages/yacht_caf_la_cambusa_41.2173_13.5706.json,custom
41.214779,13.568899,ov_caff__cavour_41.2148_13.5689,Caffè Cavour,RESTAURANT,bar_cafe,https://raw.githubusercontent.com/pasqualelembo78/huntix-poi/main/italia/campania/gaeta/pages/caff_cavour_41.2148_13.5689.json,custom
41.214831,13.570201,ov_enoteca_perrone_41.2148_13.5702,Enoteca Perrone,RESTAURANT,bar_cafe,https://raw.githubusercontent.com/pasqualelembo78/huntix-poi/main/italia/campania/gaeta/pages/enoteca_perrone_41.2148_13.5702.json,custom
41.214627,13.569184,ov_perbacco_41.2146_13.5692,PerBacco,RESTAURANT,bar_cafe,https://raw.githubusercontent.com/pasqualelembo78/huntix-poi/main/italia/campania/gaeta/pages/perbacco_41.2146_13.5692.json,custom
41.215725,13.570448,ov_the_dutch_pub_41.2157_13.5704,The Dutch Pub,RESTAURANT,bar_cafe,https://raw.githubusercontent.com/pasqualelembo78/huntix-poi/main/italia/campania/gaeta/pages/the_dutch_pub_41.2157_13.5704.json,custom
41.215208,13.570128,ov_caffe_piazza_roma_41.2152_13.5701,Caffe Piazza Roma,RESTAURANT,bar_cafe,https://raw.githubusercontent.com/pasqualelembo78/huntix-poi/main/italia/campania/gaeta/pages/caffe_piazza_roma_41.2152_13.5701.json,custom
41.215242,13.571007,ov_piazza_della_libert__gaeta__41.2152_13.5710,Piazza Della Libertà-Gaeta!,RESTAURANT,bar_cafe,https://raw.githubusercontent.com/pasqualelembo78/huntix-poi/main/italia/campania/gaeta/pages/piazza_della_libert-gaeta_41.2152_13.5710.json,custom
41.215717,13.571083,ov_carmine_pasticceria_by_pasquale_maturo_41.2157_13.5711,Carmine Pasticceria by Pasquale Maturo,RESTAURANT,bar_cafe,https://raw.githubusercontent.com/pasqualelembo78/huntix-poi/main/italia/campania/gaeta/pages/carmine_pasticceria_by_pasquale_maturo_41.2157_13.5711.json,custom
41.214810,13.571540,ov_bar_platani_41.2148_13.5715,Bar Platani,RESTAURANT,bar_cafe,https://raw.githubusercontent.com/pasqualelembo78/huntix-poi/main/italia/campania/gaeta/pages/bar_platani_41.2148_13.5715.json,custom
41.214629,13.570777,ov_la_brasserie_gaeta_41.2146_13.5708,La Brasserie Gaeta,RESTAURANT,bar_cafe,https://raw.githubusercontent.com/pasqualelembo78/huntix-poi/main/italia/campania/gaeta/pages/la_brasserie_gaeta_41.2146_13.5708.json,custom
41.230697,13.567735,osm_waves_food___drinks_41.2307_13.5677,Waves Food & Drinks,bar_cafe,bar_cafe,https://raw.githubusercontent.com/pasqualelembo78/huntix-poi/main/italia/campania/gaeta/pages/waves_food_drinks_41.2307_13.5677.json,custom
41.213930,13.572161,osm_sangria_41.2139_13.5722,Sangria,bar_cafe,bar_cafe,https://raw.githubusercontent.com/pasqualelembo78/huntix-poi/main/italia/campania/gaeta/pages/sangria_41.2139_13.5722.json,custom
41.211350,13.582385,ov_gaeta_scuba_diving_41.2114_13.5824,Gaeta Scuba Diving,GYM,palestra,https://raw.githubusercontent.com/pasqualelembo78/huntix-poi/main/italia/campania/gaeta/pages/gaeta_scuba_diving_41.2114_13.5824.json,custom
41.209132,13.571861,ov_serapo_sport_pool___fitness_41.2091_13.5719,Serapo Sport Pool & Fitness,GYM,palestra,https://raw.githubusercontent.com/pasqualelembo78/huntix-poi/main/italia/campania/gaeta/pages/serapo_sport_pool_fitness_41.2091_13.5719.json,custom
41.213738,13.571553,ov_aps_horus_gaeta_41.2137_13.5716,Aps Horus Gaeta,GYM,palestra,https://raw.githubusercontent.com/pasqualelembo78/huntix-poi/main/italia/campania/gaeta/pages/aps_horus_gaeta_41.2137_13.5716.json,custom
41.213407,13.570627,ov_asd_universo_danza_41.2134_13.5706,ASD Universo Danza,GYM,palestra,https://raw.githubusercontent.com/pasqualelembo78/huntix-poi/main/italia/campania/gaeta/pages/asd_universo_danza_41.2134_13.5706.json,custom
41.212154,13.568514,ov_sporting_club_arena_41.2122_13.5685,Sporting Club Arena,GYM,palestra,https://raw.githubusercontent.com/pasqualelembo78/huntix-poi/main/italia/campania/gaeta/pages/sporting_club_arena_41.2122_13.5685.json,custom
41.213946,13.564736,ov_centro_shenmen_gaeta_41.2139_13.5647,Centro Shenmen Gaeta,GYM,palestra,https://raw.githubusercontent.com/pasqualelembo78/huntix-poi/main/italia/campania/gaeta/pages/centro_shenmen_gaeta_41.2139_13.5647.json,custom
41.211790,13.563125,ov_postural_and_pilates_studio_41.2118_13.5631,Postural and Pilates Studio,GYM,palestra,https://raw.githubusercontent.com/pasqualelembo78/huntix-poi/main/italia/campania/gaeta/pages/postural_and_pilates_studio_41.2118_13.5631.json,custom
41.210968,13.565580,ov_palamarina_41.2110_13.5656,Palamarina,GYM,palestra,https://raw.githubusercontent.com/pasqualelembo78/huntix-poi/main/italia/campania/gaeta/pages/palamarina_41.2110_13.5656.json,custom
41.212833,13.557990,ov_armonya_yogashala_41.2128_13.5580,Armonya Yogashala,GYM,palestra,https://raw.githubusercontent.com/pasqualelembo78/huntix-poi/main/italia/campania/gaeta/pages/armonya_yogashala_41.2128_13.5580.json,custom
41.213014,13.543212,ov_ariana_bay_surf_school_41.2130_13.5432,Ariana Bay Surf School,GYM,palestra,https://raw.githubusercontent.com/pasqualelembo78/huntix-poi/main/italia/campania/gaeta/pages/ariana_bay_surf_school_41.2130_13.5432.json,custom
41.228759,13.501176,ov_marem_scuola_subacquea_gaeta_41.2288_13.5012,Marem Scuola Subacquea Gaeta,GYM,palestra,https://raw.githubusercontent.com/pasqualelembo78/huntix-poi/main/italia/campania/gaeta/pages/marem_scuola_subacquea_gaeta_41.2288_13.5012.json,custom
41.214445,13.563944,ov_lyceum_di_di_tucci_41.2144_13.5639,Lyceum Di Di Tucci,GYM,palestra,https://raw.githubusercontent.com/pasqualelembo78/huntix-poi/main/italia/campania/gaeta/pages/lyceum_di_di_tucci_41.2144_13.5639.json,custom
41.224292,13.563219,ov_studio_costabile_41.2243_13.5632,Studio Costabile,GYM,palestra,https://raw.githubusercontent.com/pasqualelembo78/huntix-poi/main/italia/campania/gaeta/pages/studio_costabile_41.2243_13.5632.json,custom
41.239739,13.571989,ov_gaeta_dance_studio_41.2397_13.5720,Gaeta Dance Studio,GYM,palestra,https://raw.githubusercontent.com/pasqualelembo78/huntix-poi/main/italia/campania/gaeta/pages/gaeta_dance_studio_41.2397_13.5720.json,custom
41.231140,13.567180,ov_j_p_studio_pilates_e_danza_41.2311_13.5672,J P Studio Pilates e Danza,GYM,palestra,https://raw.githubusercontent.com/pasqualelembo78/huntix-poi/main/italia/campania/gaeta/pages/j_p_studio_pilates_e_danza_41.2311_13.5672.json,custom
41.226770,13.566820,ov_centro_danza_sken__41.2268_13.5668,Centro Danza Skenè,GYM,palestra,https://raw.githubusercontent.com/pasqualelembo78/huntix-poi/main/italia/campania/gaeta/pages/centro_danza_sken_41.2268_13.5668.json,custom
41.226380,13.566600,ov_ciaramaglia_nautica___pesca__sub___abbig_41.2264_13.5666,"Ciaramaglia Nautica - Pesca, Sub & Abbigliamento",GYM,palestra,https://raw.githubusercontent.com/pasqualelembo78/huntix-poi/main/italia/campania/gaeta/pages/ciaramaglia_nautica_-_pesca_sub_abbiglia_41.2264_13.5666.json,custom
41.218579,13.567373,ov_palestra_athena_41.2186_13.5674,Palestra Athena,GYM,palestra,https://raw.githubusercontent.com/pasqualelembo78/huntix-poi/main/italia/campania/gaeta/pages/palestra_athena_41.2186_13.5674.json,custom
41.219090,13.569468,ov_wellness_center_minerva_41.2191_13.5695,Wellness Center Minerva,GYM,palestra,https://raw.githubusercontent.com/pasqualelembo78/huntix-poi/main/italia/campania/gaeta/pages/wellness_center_minerva_41.2191_13.5695.json,custom
41.217612,13.570655,ov_powerbound_41.2176_13.5707,PowerBound,GYM,palestra,https://raw.githubusercontent.com/pasqualelembo78/huntix-poi/main/italia/campania/gaeta/pages/powerbound_41.2176_13.5707.json,custom
41.217170,13.568741,ov_il_centro_del_movimento_danzarte_41.2172_13.5687,Il Centro del Movimento Danzarte,GYM,palestra,https://raw.githubusercontent.com/pasqualelembo78/huntix-poi/main/italia/campania/gaeta/pages/il_centro_del_movimento_danzarte_41.2172_13.5687.json,custom
41.216835,13.568948,ov_evolution_fitness_gaeta_41.2168_13.5689,Evolution Fitness Gaeta,GYM,palestra,https://raw.githubusercontent.com/pasqualelembo78/huntix-poi/main/italia/campania/gaeta/pages/evolution_fitness_gaeta_41.2168_13.5689.json,custom
41.216738,13.568978,ov_studio_rita_41.2167_13.5690,Studio Rita,GYM,palestra,https://raw.githubusercontent.com/pasqualelembo78/huntix-poi/main/italia/campania/gaeta/pages/studio_rita_41.2167_13.5690.json,custom
41.210222,13.583111,ov_batteria_la_favorita_41.2102_13.5831,Batteria La Favorita,MONUMENT,monumento,https://raw.githubusercontent.com/pasqualelembo78/huntix-poi/main/italia/campania/gaeta/pages/batteria_la_favorita_41.2102_13.5831.json,custom
41.209268,13.582956,ov_pinacoteca_comunale_antonio_sapone_41.2093_13.5830,Pinacoteca Comunale Antonio Sapone,MUSEUM,monumento,https://raw.githubusercontent.com/pasqualelembo78/huntix-poi/main/italia/campania/gaeta/pages/pinacoteca_comunale_antonio_sapone_41.2093_13.5830.json,custom
41.208134,13.585423,ov_castello_angioino_gaeta_41.2081_13.5854,Castello Angioino Gaeta,MONUMENT,monumento,https://raw.githubusercontent.com/pasqualelembo78/huntix-poi/main/italia/campania/gaeta/pages/castello_angioino_gaeta_41.2081_13.5854.json,custom
41.208995,13.586264,ov_museo_diocesano_di_gaeta_41.2090_13.5863,Museo Diocesano di Gaeta,MUSEUM,monumento,https://raw.githubusercontent.com/pasqualelembo78/huntix-poi/main/italia/campania/gaeta/pages/museo_diocesano_di_gaeta_41.2090_13.5863.json,custom
41.207093,13.577238,ov_mausoleo_di_lucio_munazio_planco_41.2071_13.5772,Mausoleo di Lucio Munazio Planco,MONUMENT,monumento,https://raw.githubusercontent.com/pasqualelembo78/huntix-poi/main/italia/campania/gaeta/pages/mausoleo_di_lucio_munazio_planco_41.2071_13.5772.json,custom
41.211850,13.573420,ov_museo_naturalistico_ferdinando_gaeta_41.2118_13.5734,Museo Naturalistico Ferdinando Gaeta,MUSEUM,monumento,https://raw.githubusercontent.com/pasqualelembo78/huntix-poi/main/italia/campania/gaeta/pages/museo_naturalistico_ferdinando_gaeta_41.2118_13.5734.json,custom
41.212300,13.572380,ov_museo_del_fronte_e_della_memoria_41.2123_13.5724,Museo del Fronte e della Memoria,MUSEUM,monumento,https://raw.githubusercontent.com/pasqualelembo78/huntix-poi/main/italia/campania/gaeta/pages/museo_del_fronte_e_della_memoria_41.2123_13.5724.json,custom
41.212631,13.572438,ov_bastioni_di_carlo_v_41.2126_13.5724,bastioni di Carlo V,MUSEUM,monumento,https://raw.githubusercontent.com/pasqualelembo78/huntix-poi/main/italia/campania/gaeta/pages/bastioni_di_carlo_v_41.2126_13.5724.json,custom
41.214604,13.533944,ov_torre_scissura_41.2146_13.5339,Torre Scissura,MONUMENT,monumento,https://raw.githubusercontent.com/pasqualelembo78/huntix-poi/main/italia/campania/gaeta/pages/torre_scissura_41.2146_13.5339.json,custom
41.224867,13.560535,ov_pretura_circondariale_di_latina_41.2249_13.5605,Pretura Circondariale di Latina,GOVERNMENT,ufficio_pubblico,https://raw.githubusercontent.com/pasqualelembo78/huntix-poi/main/italia/campania/gaeta/pages/pretura_circondariale_di_latina_41.2249_13.5605.json,custom
41.221310,13.569470,osm_up_96_128_gaeta_1_41.2213_13.5695,Up 96/128 Gaeta 1,ufficio_postale,ufficio_postale,https://raw.githubusercontent.com/pasqualelembo78/huntix-poi/main/italia/campania/gaeta/pages/up_96128_gaeta_1_41.2213_13.5695.json,custom
41.212819,13.573479,osm_gaeta_41.2128_13.5735,Gaeta,ufficio_postale,ufficio_postale,https://raw.githubusercontent.com/pasqualelembo78/huntix-poi/main/italia/campania/gaeta/pages/gaeta_41.2128_13.5735.json,custom
41.211722,13.581161,ov_biblioteca_comunale_salvatore_mignano_41.2117_13.5812,Biblioteca Comunale Salvatore Mignano,LIBRARY,biblioteca,https://raw.githubusercontent.com/pasqualelembo78/huntix-poi/main/italia/campania/gaeta/pages/biblioteca_comunale_salvatore_mignano_41.2117_13.5812.json,custom
41.211800,13.581210,ov_centro_storico_culturale_gaeta___bibliot_41.2118_13.5812,Centro storico culturale Gaeta - Biblioteca,LIBRARY,biblioteca,https://raw.githubusercontent.com/pasqualelembo78/huntix-poi/main/italia/campania/gaeta/pages/centro_storico_culturale_gaeta_-_bibliot_41.2118_13.5812.json,custom
41.219150,13.568090,ov_biblioteca_annarita_simeone_gaeta_41.2191_13.5681,Biblioteca Annarita Simeone Gaeta,LIBRARY,biblioteca,https://raw.githubusercontent.com/pasqualelembo78/huntix-poi/main/italia/campania/gaeta/pages/biblioteca_annarita_simeone_gaeta_41.2191_13.5681.json,custom
