# lat,lng,id,name,building_type,type,url,page_type
# imola -- bars_cafes.csv
44.320011,11.652486,ov_central_bar_ponticelli_44.3200_11.6525,Central Bar Ponticelli,RESTAURANT,bar_cafe,https://raw.githubusercontent.com/pasqualelembo78/huntix-poi/main/italia/emilia-romagna/imola/pages/central_bar_ponticelli_44.3200_11.6525.json,custom
44.303703,11.635485,ov_mel_rose_caf__44.3037_11.6355,Mel rose cafè,RESTAURANT,bar_cafe,https://raw.githubusercontent.com/pasqualelembo78/huntix-poi/main/italia/emilia-romagna/imola/pages/mel_rose_caf_44.3037_11.6355.json,custom
44.302380,11.636149,ov_fabrik_44.3024_11.6361,Fabrik,RESTAURANT,bar_cafe,https://raw.githubusercontent.com/pasqualelembo78/huntix-poi/main/italia/emilia-romagna/imola/pages/fabrik_44.3024_11.6361.json,custom
44.367777,11.698747,ov_circolo_pontesanto_44.3678_11.6987,Circolo Pontesanto,RESTAURANT,bar_cafe,https://raw.githubusercontent.com/pasqualelembo78/huntix-poi/main/italia/emilia-romagna/imola/pages/circolo_pontesanto_44.3678_11.6987.json,custom
44.361475,11.697656,ov_la_bottega_del_caffe_44.3615_11.6977,La Bottega del Caffe,RESTAURANT,bar_cafe,https://raw.githubusercontent.com/pasqualelembo78/huntix-poi/main/italia/emilia-romagna/imola/pages/la_bottega_del_caffe_44.3615_11.6977.json,custom
44.362872,11.690701,ov_bar_1_punto_59_44.3629_11.6907,Bar 1 Punto 59,RESTAURANT,bar_cafe,https://raw.githubusercontent.com/pasqualelembo78/huntix-poi/main/italia/emilia-romagna/imola/pages/bar_1_punto_59_44.3629_11.6907.json,custom
44.371495,11.667579,ov_seventyfive_cafe_44.3715_11.6676,Seventyfive Cafe,RESTAURANT,bar_cafe,https://raw.githubusercontent.com/pasqualelembo78/huntix-poi/main/italia/emilia-romagna/imola/pages/seventyfive_cafe_44.3715_11.6676.json,custom
44.323345,11.656492,ov_stop_and_go_cafe_44.3233_11.6565,Stop and Go Cafe,RESTAURANT,bar_cafe,https://raw.githubusercontent.com/pasqualelembo78/huntix-poi/main/italia/emilia-romagna/imola/pages/stop_and_go_cafe_44.3233_11.6565.json,custom
44.351250,11.689875,ov_bar_pao__pat_44.3513_11.6899,Bar Pao. Pat,RESTAURANT,bar_cafe,https://raw.githubusercontent.com/pasqualelembo78/huntix-poi/main/italia/emilia-romagna/imola/pages/bar_pao_pat_44.3513_11.6899.json,custom
44.360160,11.692020,ov_l_vecchia_44.3602_11.6920,L vecchia,RESTAURANT,bar_cafe,https://raw.githubusercontent.com/pasqualelembo78/huntix-poi/main/italia/emilia-romagna/imola/pages/l_vecchia_44.3602_11.6920.json,custom
44.360569,11.703138,ov_sunrise_caffe_44.3606_11.7031,Sunrise Caffe,RESTAURANT,bar_cafe,https://raw.githubusercontent.com/pasqualelembo78/huntix-poi/main/italia/emilia-romagna/imola/pages/sunrise_caffe_44.3606_11.7031.json,custom
44.358561,11.701359,ov_il_caffe_di_alice_44.3586_11.7014,Il Caffe di Alice,RESTAURANT,bar_cafe,https://raw.githubusercontent.com/pasqualelembo78/huntix-poi/main/italia/emilia-romagna/imola/pages/il_caffe_di_alice_44.3586_11.7014.json,custom
44.351946,11.703808,ov_bar_ca_44.3519_11.7038,Bar Ca,RESTAURANT,bar_cafe,https://raw.githubusercontent.com/pasqualelembo78/huntix-poi/main/italia/emilia-romagna/imola/pages/bar_ca_44.3519_11.7038.json,custom
44.350212,11.698932,ov_bar_mirella_44.3502_11.6989,Bar Mirella,RESTAURANT,bar_cafe,https://raw.githubusercontent.com/pasqualelembo78/huntix-poi/main/italia/emilia-romagna/imola/pages/bar_mirella_44.3502_11.6989.json,custom
44.348420,11.693440,ov_ic1919restaurant_44.3484_11.6934,IC1919Restaurant,RESTAURANT,bar_cafe,https://raw.githubusercontent.com/pasqualelembo78/huntix-poi/main/italia/emilia-romagna/imola/pages/ic1919restaurant_44.3484_11.6934.json,custom
44.346668,11.686163,ov_lazzerini_cafe_44.3467_11.6862,Lazzerini Cafe,RESTAURANT,bar_cafe,https://raw.githubusercontent.com/pasqualelembo78/huntix-poi/main/italia/emilia-romagna/imola/pages/lazzerini_cafe_44.3467_11.6862.json,custom
44.344960,11.687486,ov_caff__pasticceria_maxim_44.3450_11.6875,Caffè Pasticceria Maxim,RESTAURANT,bar_cafe,https://raw.githubusercontent.com/pasqualelembo78/huntix-poi/main/italia/emilia-romagna/imola/pages/caff_pasticceria_maxim_44.3450_11.6875.json,custom
44.345482,11.685253,ov_mamma_mia_cafe_44.3455_11.6853,Mamma Mia Cafe,RESTAURANT,bar_cafe,https://raw.githubusercontent.com/pasqualelembo78/huntix-poi/main/italia/emilia-romagna/imola/pages/mamma_mia_cafe_44.3455_11.6853.json,custom
44.342594,11.688915,ov_c_era_una_volta_44.3426_11.6889,C'Era Una Volta,RESTAURANT,bar_cafe,https://raw.githubusercontent.com/pasqualelembo78/huntix-poi/main/italia/emilia-romagna/imola/pages/cera_una_volta_44.3426_11.6889.json,custom
44.342419,11.694894,ov_bar_punto_imola_44.3424_11.6949,Bar Punto Imola,RESTAURANT,bar_cafe,https://raw.githubusercontent.com/pasqualelembo78/huntix-poi/main/italia/emilia-romagna/imola/pages/bar_punto_imola_44.3424_11.6949.json,custom
44.341231,11.686624,ov_malika_caffe_21_44.3412_11.6866,Malika Caffe 21,RESTAURANT,bar_cafe,https://raw.githubusercontent.com/pasqualelembo78/huntix-poi/main/italia/emilia-romagna/imola/pages/malika_caffe_21_44.3412_11.6866.json,custom
44.328102,11.665843,ov_mojito_cafe_44.3281_11.6658,Mojito Cafe,RESTAURANT,bar_cafe,https://raw.githubusercontent.com/pasqualelembo78/huntix-poi/main/italia/emilia-romagna/imola/pages/mojito_cafe_44.3281_11.6658.json,custom
44.344171,11.711700,ov_renzo_imola_44.3442_11.7117,Renzo Imola,RESTAURANT,bar_cafe,https://raw.githubusercontent.com/pasqualelembo78/huntix-poi/main/italia/emilia-romagna/imola/pages/renzo_imola_44.3442_11.7117.json,custom
44.344021,11.714150,ov_doppio_malto_imola_44.3440_11.7142,Doppio Malto Imola,RESTAURANT,bar_cafe,https://raw.githubusercontent.com/pasqualelembo78/huntix-poi/main/italia/emilia-romagna/imola/pages/doppio_malto_imola_44.3440_11.7142.json,custom
44.342340,11.710630,ov_campo___44.3423_11.7106,CAMPO Ø,RESTAURANT,bar_cafe,https://raw.githubusercontent.com/pasqualelembo78/huntix-poi/main/italia/emilia-romagna/imola/pages/campo__44.3423_11.7106.json,custom
44.342229,11.710465,ov_paradise_sicilia_44.3422_11.7105,Paradise Sicilia,RESTAURANT,bar_cafe,https://raw.githubusercontent.com/pasqualelembo78/huntix-poi/main/italia/emilia-romagna/imola/pages/paradise_sicilia_44.3422_11.7105.json,custom
44.349882,11.725597,ov_caffetteria_melody_44.3499_11.7256,Caffetteria Melody,RESTAURANT,bar_cafe,https://raw.githubusercontent.com/pasqualelembo78/huntix-poi/main/italia/emilia-romagna/imola/pages/caffetteria_melody_44.3499_11.7256.json,custom
44.350260,11.722762,ov_mamo_bar_44.3503_11.7228,Mamo Bar,RESTAURANT,bar_cafe,https://raw.githubusercontent.com/pasqualelembo78/huntix-poi/main/italia/emilia-romagna/imola/pages/mamo_bar_44.3503_11.7228.json,custom
44.348505,11.715311,ov_bar_tabaccheria_machiavelli_44.3485_11.7153,Bar Tabaccheria Machiavelli,RESTAURANT,bar_cafe,https://raw.githubusercontent.com/pasqualelembo78/huntix-poi/main/italia/emilia-romagna/imola/pages/bar_tabaccheria_machiavelli_44.3485_11.7153.json,custom
44.346859,11.712760,ov_aperez_imola_44.3469_11.7128,ApeRez Imola,RESTAURANT,bar_cafe,https://raw.githubusercontent.com/pasqualelembo78/huntix-poi/main/italia/emilia-romagna/imola/pages/aperez_imola_44.3469_11.7128.json,custom
44.346902,11.712738,ov_dante_44.3469_11.7127,Dante,RESTAURANT,bar_cafe,https://raw.githubusercontent.com/pasqualelembo78/huntix-poi/main/italia/emilia-romagna/imola/pages/dante_44.3469_11.7127.json,custom
44.347350,11.711260,ov_penny_love_caf__44.3473_11.7113,Penny Love Cafè,RESTAURANT,bar_cafe,https://raw.githubusercontent.com/pasqualelembo78/huntix-poi/main/italia/emilia-romagna/imola/pages/penny_love_caf_44.3473_11.7113.json,custom
44.350262,11.705454,ov_tutti_frutti_44.3503_11.7055,Tutti Frutti,RESTAURANT,bar_cafe,https://raw.githubusercontent.com/pasqualelembo78/huntix-poi/main/italia/emilia-romagna/imola/pages/tutti_frutti_44.3503_11.7055.json,custom
44.353307,11.706049,ov_dream_bar_tabacchi_edicola_44.3533_11.7060,Dream bar Tabacchi Edicola,RESTAURANT,bar_cafe,https://raw.githubusercontent.com/pasqualelembo78/huntix-poi/main/italia/emilia-romagna/imola/pages/dream_bar_tabacchi_edicola_44.3533_11.7060.json,custom
44.352881,11.705562,ov_bar_della_bocciofila_44.3529_11.7056,Bar della Bocciofila,RESTAURANT,bar_cafe,https://raw.githubusercontent.com/pasqualelembo78/huntix-poi/main/italia/emilia-romagna/imola/pages/bar_della_bocciofila_44.3529_11.7056.json,custom
44.351771,11.709910,ov_dulcis_cafe_44.3518_11.7099,Dulcis Cafe,RESTAURANT,bar_cafe,https://raw.githubusercontent.com/pasqualelembo78/huntix-poi/main/italia/emilia-romagna/imola/pages/dulcis_cafe_44.3518_11.7099.json,custom
44.352070,11.711470,ov_bar_borghetto_imola_44.3521_11.7115,Bar Borghetto Imola,RESTAURANT,bar_cafe,https://raw.githubusercontent.com/pasqualelembo78/huntix-poi/main/italia/emilia-romagna/imola/pages/bar_borghetto_imola_44.3521_11.7115.json,custom
44.352300,11.711280,ov_british_pub__da_baffo__44.3523_11.7113,British Pub “da Baffo”,RESTAURANT,bar_cafe,https://raw.githubusercontent.com/pasqualelembo78/huntix-poi/main/italia/emilia-romagna/imola/pages/british_pub_da_baffo_44.3523_11.7113.json,custom
44.352790,11.713742,ov_bar_centrale_44.3528_11.7137,Bar Centrale,RESTAURANT,bar_cafe,https://raw.githubusercontent.com/pasqualelembo78/huntix-poi/main/italia/emilia-romagna/imola/pages/bar_centrale_44.3528_11.7137.json,custom
44.353090,11.714390,ov_sirio_bar_44.3531_11.7144,Sirio Bar,RESTAURANT,bar_cafe,https://raw.githubusercontent.com/pasqualelembo78/huntix-poi/main/italia/emilia-romagna/imola/pages/sirio_bar_44.3531_11.7144.json,custom
44.353182,11.715039,ov_caffe_bologna_44.3532_11.7150,Caffe Bologna,RESTAURANT,bar_cafe,https://raw.githubusercontent.com/pasqualelembo78/huntix-poi/main/italia/emilia-romagna/imola/pages/caffe_bologna_44.3532_11.7150.json,custom
44.352973,11.713496,ov_parsot_44.3530_11.7135,Parsot,RESTAURANT,bar_cafe,https://raw.githubusercontent.com/pasqualelembo78/huntix-poi/main/italia/emilia-romagna/imola/pages/parsot_44.3530_11.7135.json,custom
44.353146,11.713031,ov_mezcal_44.3531_11.7130,Mezcal,RESTAURANT,bar_cafe,https://raw.githubusercontent.com/pasqualelembo78/huntix-poi/main/italia/emilia-romagna/imola/pages/mezcal_44.3531_11.7130.json,custom
44.353238,11.713236,ov_barcode_44.3532_11.7132,Barcode,RESTAURANT,bar_cafe,https://raw.githubusercontent.com/pasqualelembo78/huntix-poi/main/italia/emilia-romagna/imola/pages/barcode_44.3532_11.7132.json,custom
44.352376,11.711104,ov_chelsea_house_44.3524_11.7111,Chelsea House,RESTAURANT,bar_cafe,https://raw.githubusercontent.com/pasqualelembo78/huntix-poi/main/italia/emilia-romagna/imola/pages/chelsea_house_44.3524_11.7111.json,custom
44.352398,11.710300,ov_elio_s_cafe_44.3524_11.7103,Elio's Cafe,RESTAURANT,bar_cafe,https://raw.githubusercontent.com/pasqualelembo78/huntix-poi/main/italia/emilia-romagna/imola/pages/elios_cafe_44.3524_11.7103.json,custom
44.353110,11.710860,ov_romagna_street_food_44.3531_11.7109,Romagna Street Food,RESTAURANT,bar_cafe,https://raw.githubusercontent.com/pasqualelembo78/huntix-poi/main/italia/emilia-romagna/imola/pages/romagna_street_food_44.3531_11.7109.json,custom
44.353154,11.710775,ov_bar_brutto_44.3532_11.7108,bar brutto,RESTAURANT,bar_cafe,https://raw.githubusercontent.com/pasqualelembo78/huntix-poi/main/italia/emilia-romagna/imola/pages/bar_brutto_44.3532_11.7108.json,custom
44.354470,11.711713,ov_caf__del_grillo_44.3545_11.7117,Café del Grillo,RESTAURANT,bar_cafe,https://raw.githubusercontent.com/pasqualelembo78/huntix-poi/main/italia/emilia-romagna/imola/pages/caf_del_grillo_44.3545_11.7117.json,custom
44.353852,11.712946,ov_goccia_44.3539_11.7129,Goccia,RESTAURANT,bar_cafe,https://raw.githubusercontent.com/pasqualelembo78/huntix-poi/main/italia/emilia-romagna/imola/pages/goccia_44.3539_11.7129.json,custom
44.353677,11.713677,ov_otello_____caffe___liquori___44.3537_11.7137,Otello.... Caffe...liquori..,RESTAURANT,bar_cafe,https://raw.githubusercontent.com/pasqualelembo78/huntix-poi/main/italia/emilia-romagna/imola/pages/otello_caffeliquori_44.3537_11.7137.json,custom
44.353678,11.715009,ov_le_origini_villa___caff__pasticceria_44.3537_11.7150,Le origini Villa - caffè/pasticceria,RESTAURANT,bar_cafe,https://raw.githubusercontent.com/pasqualelembo78/huntix-poi/main/italia/emilia-romagna/imola/pages/le_origini_villa_-_caffpasticceria_44.3537_11.7150.json,custom
44.355150,11.710007,ov_al_bricco_bio_44.3551_11.7100,Al Bricco Bio,RESTAURANT,bar_cafe,https://raw.githubusercontent.com/pasqualelembo78/huntix-poi/main/italia/emilia-romagna/imola/pages/al_bricco_bio_44.3551_11.7100.json,custom
44.355546,11.708866,ov_bar_rineo_44.3555_11.7089,Bar Rineo,RESTAURANT,bar_cafe,https://raw.githubusercontent.com/pasqualelembo78/huntix-poi/main/italia/emilia-romagna/imola/pages/bar_rineo_44.3555_11.7089.json,custom
44.353537,11.706761,ov_caffe_della_rocca_44.3535_11.7068,Caffe della Rocca,RESTAURANT,bar_cafe,https://raw.githubusercontent.com/pasqualelembo78/huntix-poi/main/italia/emilia-romagna/imola/pages/caffe_della_rocca_44.3535_11.7068.json,custom
44.357122,11.707068,ov_hotel_olimpia_44.3571_11.7071,Hotel olimpia,RESTAURANT,bar_cafe,https://raw.githubusercontent.com/pasqualelembo78/huntix-poi/main/italia/emilia-romagna/imola/pages/hotel_olimpia_44.3571_11.7071.json,custom
44.357478,11.707188,ov_nicole_cafe_44.3575_11.7072,Nicole Cafe,RESTAURANT,bar_cafe,https://raw.githubusercontent.com/pasqualelembo78/huntix-poi/main/italia/emilia-romagna/imola/pages/nicole_cafe_44.3575_11.7072.json,custom
44.358071,11.710666,ov_bar_sun_44.3581_11.7107,Bar Sun,RESTAURANT,bar_cafe,https://raw.githubusercontent.com/pasqualelembo78/huntix-poi/main/italia/emilia-romagna/imola/pages/bar_sun_44.3581_11.7107.json,custom
44.357620,11.711700,ov_mamil__pub_imola_44.3576_11.7117,Mamilù Pub Imola,RESTAURANT,bar_cafe,https://raw.githubusercontent.com/pasqualelembo78/huntix-poi/main/italia/emilia-romagna/imola/pages/mamil_pub_imola_44.3576_11.7117.json,custom
44.356389,11.719691,ov_bar_moderno_da_willy_44.3564_11.7197,Bar Moderno da Willy,RESTAURANT,bar_cafe,https://raw.githubusercontent.com/pasqualelembo78/huntix-poi/main/italia/emilia-romagna/imola/pages/bar_moderno_da_willy_44.3564_11.7197.json,custom
44.359848,11.719638,ov_caf__au_lait_44.3598_11.7196,Cafè au lait,RESTAURANT,bar_cafe,https://raw.githubusercontent.com/pasqualelembo78/huntix-poi/main/italia/emilia-romagna/imola/pages/caf_au_lait_44.3598_11.7196.json,custom
44.359820,11.719890,ov_bonny___dave_caff__cucina_44.3598_11.7199,Bonny & Dave Caffè-Cucina,RESTAURANT,bar_cafe,https://raw.githubusercontent.com/pasqualelembo78/huntix-poi/main/italia/emilia-romagna/imola/pages/bonny_dave_caff-cucina_44.3598_11.7199.json,custom
44.355217,11.724729,ov_clover_caff__44.3552_11.7247,Clover Caffé,RESTAURANT,bar_cafe,https://raw.githubusercontent.com/pasqualelembo78/huntix-poi/main/italia/emilia-romagna/imola/pages/clover_caff_44.3552_11.7247.json,custom
44.355534,11.716305,ov_monnalisa_caffe_44.3555_11.7163,MonnaLisa Caffe,RESTAURANT,bar_cafe,https://raw.githubusercontent.com/pasqualelembo78/huntix-poi/main/italia/emilia-romagna/imola/pages/monnalisa_caffe_44.3555_11.7163.json,custom
44.355345,11.716160,ov_caffetteria_novecento_gelateria_44.3553_11.7162,Caffetteria Novecento Gelateria,RESTAURANT,bar_cafe,https://raw.githubusercontent.com/pasqualelembo78/huntix-poi/main/italia/emilia-romagna/imola/pages/caffetteria_novecento_gelateria_44.3553_11.7162.json,custom
44.353851,11.717748,ov_bar_gelo_44.3539_11.7177,Bar Gelo,RESTAURANT,bar_cafe,https://raw.githubusercontent.com/pasqualelembo78/huntix-poi/main/italia/emilia-romagna/imola/pages/bar_gelo_44.3539_11.7177.json,custom
44.353531,11.716484,ov_enoteca_i_tri_scal_n_44.3535_11.7165,Enoteca I Tri Scalèn,RESTAURANT,bar_cafe,https://raw.githubusercontent.com/pasqualelembo78/huntix-poi/main/italia/emilia-romagna/imola/pages/enoteca_i_tri_scaln_44.3535_11.7165.json,custom
44.352607,11.715644,ov_mani_in_malto_44.3526_11.7156,Mani in Malto,RESTAURANT,bar_cafe,https://raw.githubusercontent.com/pasqualelembo78/huntix-poi/main/italia/emilia-romagna/imola/pages/mani_in_malto_44.3526_11.7156.json,custom
44.352459,11.715520,ov_da_vinci___art_caf__44.3525_11.7155,Da Vinci - Art Cafè,RESTAURANT,bar_cafe,https://raw.githubusercontent.com/pasqualelembo78/huntix-poi/main/italia/emilia-romagna/imola/pages/da_vinci_-_art_caf_44.3525_11.7155.json,custom
44.352584,11.716843,ov_caff__emilia_44.3526_11.7168,Caffè Emilia,RESTAURANT,bar_cafe,https://raw.githubusercontent.com/pasqualelembo78/huntix-poi/main/italia/emilia-romagna/imola/pages/caff_emilia_44.3526_11.7168.json,custom
44.352359,11.717577,ov_cafe_porteno_44.3524_11.7176,Cafe Porteno,RESTAURANT,bar_cafe,https://raw.githubusercontent.com/pasqualelembo78/huntix-poi/main/italia/emilia-romagna/imola/pages/cafe_porteno_44.3524_11.7176.json,custom
44.351778,11.716403,ov_enoteca_mattei_44.3518_11.7164,Enoteca Mattei,RESTAURANT,bar_cafe,https://raw.githubusercontent.com/pasqualelembo78/huntix-poi/main/italia/emilia-romagna/imola/pages/enoteca_mattei_44.3518_11.7164.json,custom
44.351576,11.715732,ov_baccus_bar_pub_enobar_mokador_44.3516_11.7157,Baccus Bar Pub Enobar Mokador,RESTAURANT,bar_cafe,https://raw.githubusercontent.com/pasqualelembo78/huntix-poi/main/italia/emilia-romagna/imola/pages/baccus_bar_pub_enobar_mokador_44.3516_11.7157.json,custom
44.351533,11.720301,ov_imola_centro_44.3515_11.7203,Imola Centro,RESTAURANT,bar_cafe,https://raw.githubusercontent.com/pasqualelembo78/huntix-poi/main/italia/emilia-romagna/imola/pages/imola_centro_44.3515_11.7203.json,custom
44.351418,11.723437,ov_bar_albachiara_44.3514_11.7234,Bar Albachiara,RESTAURANT,bar_cafe,https://raw.githubusercontent.com/pasqualelembo78/huntix-poi/main/italia/emilia-romagna/imola/pages/bar_albachiara_44.3514_11.7234.json,custom
44.351714,11.730008,ov_note_di_caffe_44.3517_11.7300,Note di Caffe,RESTAURANT,bar_cafe,https://raw.githubusercontent.com/pasqualelembo78/huntix-poi/main/italia/emilia-romagna/imola/pages/note_di_caffe_44.3517_11.7300.json,custom
44.353626,11.729172,ov_dreams_cafe_44.3536_11.7292,Dreams Cafe,RESTAURANT,bar_cafe,https://raw.githubusercontent.com/pasqualelembo78/huntix-poi/main/italia/emilia-romagna/imola/pages/dreams_cafe_44.3536_11.7292.json,custom
44.345791,11.730514,ov_drixi_cafe_44.3458_11.7305,Drixi Cafe,RESTAURANT,bar_cafe,https://raw.githubusercontent.com/pasqualelembo78/huntix-poi/main/italia/emilia-romagna/imola/pages/drixi_cafe_44.3458_11.7305.json,custom
44.343438,11.741308,ov_semmy_sax_caff__44.3434_11.7413,Semmy Sax Caffè,RESTAURANT,bar_cafe,https://raw.githubusercontent.com/pasqualelembo78/huntix-poi/main/italia/emilia-romagna/imola/pages/semmy_sax_caff_44.3434_11.7413.json,custom
44.372620,11.728381,ov_torrefazione_caffe__gourmet_44.3726_11.7284,Torrefazione Caffe' Gourmet,RESTAURANT,bar_cafe,https://raw.githubusercontent.com/pasqualelembo78/huntix-poi/main/italia/emilia-romagna/imola/pages/torrefazione_caffe_gourmet_44.3726_11.7284.json,custom
44.371170,11.743060,ov_beer_ambulance_01_44.3712_11.7431,Beer Ambulance 01,RESTAURANT,bar_cafe,https://raw.githubusercontent.com/pasqualelembo78/huntix-poi/main/italia/emilia-romagna/imola/pages/beer_ambulance_01_44.3712_11.7431.json,custom
44.365552,11.726998,ov_bar_luisa_imola_44.3656_11.7270,Bar Luisa Imola,RESTAURANT,bar_cafe,https://raw.githubusercontent.com/pasqualelembo78/huntix-poi/main/italia/emilia-romagna/imola/pages/bar_luisa_imola_44.3656_11.7270.json,custom
44.367730,11.727164,ov_bar_industria_44.3677_11.7272,Bar Industria,RESTAURANT,bar_cafe,https://raw.githubusercontent.com/pasqualelembo78/huntix-poi/main/italia/emilia-romagna/imola/pages/bar_industria_44.3677_11.7272.json,custom
44.370026,11.728182,ov_aroma_23_44.3700_11.7282,Aroma 23,RESTAURANT,bar_cafe,https://raw.githubusercontent.com/pasqualelembo78/huntix-poi/main/italia/emilia-romagna/imola/pages/aroma_23_44.3700_11.7282.json,custom
44.369439,11.718418,ov_hopinion_birrificio_d_imola_44.3694_11.7184,Hopinion Birrificio d'Imola,RESTAURANT,bar_cafe,https://raw.githubusercontent.com/pasqualelembo78/huntix-poi/main/italia/emilia-romagna/imola/pages/hopinion_birrificio_dimola_44.3694_11.7184.json,custom
44.364709,11.722255,ov_bar_alla_stalla_44.3647_11.7223,Bar Alla Stalla,RESTAURANT,bar_cafe,https://raw.githubusercontent.com/pasqualelembo78/huntix-poi/main/italia/emilia-romagna/imola/pages/bar_alla_stalla_44.3647_11.7223.json,custom
44.361947,11.725311,ov_cristal_caffe_44.3619_11.7253,Cristal Caffe,RESTAURANT,bar_cafe,https://raw.githubusercontent.com/pasqualelembo78/huntix-poi/main/italia/emilia-romagna/imola/pages/cristal_caffe_44.3619_11.7253.json,custom
44.361632,11.724344,ov_malika_cafe_44.3616_11.7243,Malika Cafe,RESTAURANT,bar_cafe,https://raw.githubusercontent.com/pasqualelembo78/huntix-poi/main/italia/emilia-romagna/imola/pages/malika_cafe_44.3616_11.7243.json,custom
44.361349,11.721113,ov_fuori_porta_cafe_44.3613_11.7211,Fuori Porta Cafe,RESTAURANT,bar_cafe,https://raw.githubusercontent.com/pasqualelembo78/huntix-poi/main/italia/emilia-romagna/imola/pages/fuori_porta_cafe_44.3613_11.7211.json,custom
44.363169,11.718509,ov_bar_cacciatori_44.3632_11.7185,Bar Cacciatori,RESTAURANT,bar_cafe,https://raw.githubusercontent.com/pasqualelembo78/huntix-poi/main/italia/emilia-romagna/imola/pages/bar_cacciatori_44.3632_11.7185.json,custom
44.364731,11.715820,ov_bar_tabaccheria_paola_e_ilaria_44.3647_11.7158,Bar Tabaccheria Paola e Ilaria,RESTAURANT,bar_cafe,https://raw.githubusercontent.com/pasqualelembo78/huntix-poi/main/italia/emilia-romagna/imola/pages/bar_tabaccheria_paola_e_ilaria_44.3647_11.7158.json,custom
44.365460,11.715020,ov_franco_villa_assistenza_tecnica_e_vendit_44.3655_11.7150,Franco Villa Assistenza tecnica e vendita,RESTAURANT,bar_cafe,https://raw.githubusercontent.com/pasqualelembo78/huntix-poi/main/italia/emilia-romagna/imola/pages/franco_villa_assistenza_tecnica_e_vendit_44.3655_11.7150.json,custom
44.362092,11.706163,ov_alchemist_ale_44.3621_11.7062,Alchemist Ale,RESTAURANT,bar_cafe,https://raw.githubusercontent.com/pasqualelembo78/huntix-poi/main/italia/emilia-romagna/imola/pages/alchemist_ale_44.3621_11.7062.json,custom
44.367177,11.705933,ov_bar_ca_del_pozzo_44.3672_11.7059,Bar Ca Del Pozzo,RESTAURANT,bar_cafe,https://raw.githubusercontent.com/pasqualelembo78/huntix-poi/main/italia/emilia-romagna/imola/pages/bar_ca_del_pozzo_44.3672_11.7059.json,custom
44.366930,11.708674,ov_clearance_clothing_jcpenny_44.3669_11.7087,Clearance Clothing Jcpenny,RESTAURANT,bar_cafe,https://raw.githubusercontent.com/pasqualelembo78/huntix-poi/main/italia/emilia-romagna/imola/pages/clearance_clothing_jcpenny_44.3669_11.7087.json,custom
44.366891,11.708645,ov_caffe_noir_h24_44.3669_11.7086,Caffe Noir H24,RESTAURANT,bar_cafe,https://raw.githubusercontent.com/pasqualelembo78/huntix-poi/main/italia/emilia-romagna/imola/pages/caffe_noir_h24_44.3669_11.7086.json,custom
44.374727,11.723741,ov_500_caffe_44.3747_11.7237,500 Caffe,RESTAURANT,bar_cafe,https://raw.githubusercontent.com/pasqualelembo78/huntix-poi/main/italia/emilia-romagna/imola/pages/500_caffe_44.3747_11.7237.json,custom
44.378294,11.723184,ov_jungheinrich_44.3783_11.7232,Jungheinrich,RESTAURANT,bar_cafe,https://raw.githubusercontent.com/pasqualelembo78/huntix-poi/main/italia/emilia-romagna/imola/pages/jungheinrich_44.3783_11.7232.json,custom
44.413978,11.735237,ov_viae_44.4140_11.7352,VIAE,RESTAURANT,bar_cafe,https://raw.githubusercontent.com/pasqualelembo78/huntix-poi/main/italia/emilia-romagna/imola/pages/viae_44.4140_11.7352.json,custom
44.416233,11.742647,ov_centro_sociale_sasso_morelli_44.4162_11.7426,Centro Sociale Sasso Morelli,RESTAURANT,bar_cafe,https://raw.githubusercontent.com/pasqualelembo78/huntix-poi/main/italia/emilia-romagna/imola/pages/centro_sociale_sasso_morelli_44.4162_11.7426.json,custom
44.459372,11.730661,ov_elio_s_cafe_44.4594_11.7307,Elio's cafe,RESTAURANT,bar_cafe,https://raw.githubusercontent.com/pasqualelembo78/huntix-poi/main/italia/emilia-romagna/imola/pages/elios_cafe_44.4594_11.7307.json,custom
44.537680,11.544050,ov_sotto_sopra_imola_44.5377_11.5441,Sotto Sopra Imola,RESTAURANT,bar_cafe,https://raw.githubusercontent.com/pasqualelembo78/huntix-poi/main/italia/emilia-romagna/imola/pages/sotto_sopra_imola_44.5377_11.5441.json,custom
44.344107,11.711688,osm_da_renzo_44.3441_11.7117,Da Renzo,bar_cafe,bar_cafe,https://raw.githubusercontent.com/pasqualelembo78/huntix-poi/main/italia/emilia-romagna/imola/pages/da_renzo_44.3441_11.7117.json,custom
44.344283,11.671003,osm_chiosco_dolce_vita_44.3443_11.6710,Chiosco Dolce Vita,bar_cafe,bar_cafe,https://raw.githubusercontent.com/pasqualelembo78/huntix-poi/main/italia/emilia-romagna/imola/pages/chiosco_dolce_vita_44.3443_11.6710.json,custom
44.355298,11.715529,osm_coffee_house_44.3553_11.7155,Coffee House,bar_cafe,bar_cafe,https://raw.githubusercontent.com/pasqualelembo78/huntix-poi/main/italia/emilia-romagna/imola/pages/coffee_house_44.3553_11.7155.json,custom
44.354223,11.714839,osm_il_gusto_di_altamura_44.3542_11.7148,Il gusto di Altamura,bar_cafe,bar_cafe,https://raw.githubusercontent.com/pasqualelembo78/huntix-poi/main/italia/emilia-romagna/imola/pages/il_gusto_di_altamura_44.3542_11.7148.json,custom
44.379922,11.737630,osm_bar_molino_rosso_44.3799_11.7376,Bar Molino Rosso,bar_cafe,bar_cafe,https://raw.githubusercontent.com/pasqualelembo78/huntix-poi/main/italia/emilia-romagna/imola/pages/bar_molino_rosso_44.3799_11.7376.json,custom
44.366930,11.708764,osm_caff__noir_44.3669_11.7088,Caffè Noir,bar_cafe,bar_cafe,https://raw.githubusercontent.com/pasqualelembo78/huntix-poi/main/italia/emilia-romagna/imola/pages/caff_noir_44.3669_11.7088.json,custom
44.370886,11.669230,osm_bar_joker_44.3709_11.6692,Bar Joker,bar_cafe,bar_cafe,https://raw.githubusercontent.com/pasqualelembo78/huntix-poi/main/italia/emilia-romagna/imola/pages/bar_joker_44.3709_11.6692.json,custom
44.354451,11.711936,osm_caffe_del_grillo_44.3545_11.7119,Caffe del Grillo,bar_cafe,bar_cafe,https://raw.githubusercontent.com/pasqualelembo78/huntix-poi/main/italia/emilia-romagna/imola/pages/caffe_del_grillo_44.3545_11.7119.json,custom
44.353968,11.712734,osm_bar_tabaccheria_da_mario_44.3540_11.7127,Bar Tabaccheria da Mario,bar_cafe,bar_cafe,https://raw.githubusercontent.com/pasqualelembo78/huntix-poi/main/italia/emilia-romagna/imola/pages/bar_tabaccheria_da_mario_44.3540_11.7127.json,custom
44.353158,11.713483,osm_bar_roma_bistrot_44.3532_11.7135,Bar Roma Bistrot,bar_cafe,bar_cafe,https://raw.githubusercontent.com/pasqualelembo78/huntix-poi/main/italia/emilia-romagna/imola/pages/bar_roma_bistrot_44.3532_11.7135.json,custom
44.353217,11.706121,osm_dream_bar_44.3532_11.7061,Dream Bar,bar_cafe,bar_cafe,https://raw.githubusercontent.com/pasqualelembo78/huntix-poi/main/italia/emilia-romagna/imola/pages/dream_bar_44.3532_11.7061.json,custom
44.352280,11.717620,osm_caf__porte_o_44.3523_11.7176,Café Porteño,bar_cafe,bar_cafe,https://raw.githubusercontent.com/pasqualelembo78/huntix-poi/main/italia/emilia-romagna/imola/pages/caf_porteo_44.3523_11.7176.json,custom
44.352808,11.714185,osm_contro_corrente_44.3528_11.7142,Contro corrente,bar_cafe,bar_cafe,https://raw.githubusercontent.com/pasqualelembo78/huntix-poi/main/italia/emilia-romagna/imola/pages/contro_corrente_44.3528_11.7142.json,custom
44.353187,11.714958,osm_caff__bologna_44.3532_11.7150,Caffè Bologna,bar_cafe,bar_cafe,https://raw.githubusercontent.com/pasqualelembo78/huntix-poi/main/italia/emilia-romagna/imola/pages/caff_bologna_44.3532_11.7150.json,custom
44.345506,11.685310,osm_mamma_mia_caf__44.3455_11.6853,Mamma Mia Cafè,bar_cafe,bar_cafe,https://raw.githubusercontent.com/pasqualelembo78/huntix-poi/main/italia/emilia-romagna/imola/pages/mamma_mia_caf_44.3455_11.6853.json,custom
44.363689,11.706172,osm_bar_pambera_44.3637_11.7062,Bar Pambera,bar_cafe,bar_cafe,https://raw.githubusercontent.com/pasqualelembo78/huntix-poi/main/italia/emilia-romagna/imola/pages/bar_pambera_44.3637_11.7062.json,custom
44.361568,11.724402,osm_malika_caf__44.3616_11.7244,Malika Café,bar_cafe,bar_cafe,https://raw.githubusercontent.com/pasqualelembo78/huntix-poi/main/italia/emilia-romagna/imola/pages/malika_caf_44.3616_11.7244.json,custom
44.366327,11.694857,osm_il_caf__di_zolino_44.3663_11.6949,Il café di Zolino,bar_cafe,bar_cafe,https://raw.githubusercontent.com/pasqualelembo78/huntix-poi/main/italia/emilia-romagna/imola/pages/il_caf_di_zolino_44.3663_11.6949.json,custom
44.356366,11.719616,osm_bar_moderno_44.3564_11.7196,Bar Moderno,bar_cafe,bar_cafe,https://raw.githubusercontent.com/pasqualelembo78/huntix-poi/main/italia/emilia-romagna/imola/pages/bar_moderno_44.3564_11.7196.json,custom
44.359095,11.718935,osm_bar_buffet_della_stazione_44.3591_11.7189,Bar Buffet Della Stazione,bar_cafe,bar_cafe,https://raw.githubusercontent.com/pasqualelembo78/huntix-poi/main/italia/emilia-romagna/imola/pages/bar_buffet_della_stazione_44.3591_11.7189.json,custom
44.458634,11.731772,osm_bar_sporting_44.4586_11.7318,Bar Sporting,bar_cafe,bar_cafe,https://raw.githubusercontent.com/pasqualelembo78/huntix-poi/main/italia/emilia-romagna/imola/pages/bar_sporting_44.4586_11.7318.json,custom
44.458849,11.733365,osm_morena_caf__44.4588_11.7334,Morena Café,bar_cafe,bar_cafe,https://raw.githubusercontent.com/pasqualelembo78/huntix-poi/main/italia/emilia-romagna/imola/pages/morena_caf_44.4588_11.7334.json,custom
44.365514,11.727033,osm_bar_luisa_44.3655_11.7270,Bar Luisa,bar_cafe,bar_cafe,https://raw.githubusercontent.com/pasqualelembo78/huntix-poi/main/italia/emilia-romagna/imola/pages/bar_luisa_44.3655_11.7270.json,custom
44.359907,11.700643,osm_il_baretto_44.3599_11.7006,Il Baretto,bar_cafe,bar_cafe,https://raw.githubusercontent.com/pasqualelembo78/huntix-poi/main/italia/emilia-romagna/imola/pages/il_baretto_44.3599_11.7006.json,custom
44.356172,11.702689,osm_bar_forte_44.3562_11.7027,Bar Forte,bar_cafe,bar_cafe,https://raw.githubusercontent.com/pasqualelembo78/huntix-poi/main/italia/emilia-romagna/imola/pages/bar_forte_44.3562_11.7027.json,custom
44.367717,11.698790,osm_thirsty_44.3677_11.6988,Thirsty,bar_cafe,bar_cafe,https://raw.githubusercontent.com/pasqualelembo78/huntix-poi/main/italia/emilia-romagna/imola/pages/thirsty_44.3677_11.6988.json,custom
44.354003,11.713660,osm_tonico_44.3540_11.7137,Tonico,bar_cafe,bar_cafe,https://raw.githubusercontent.com/pasqualelembo78/huntix-poi/main/italia/emilia-romagna/imola/pages/tonico_44.3540_11.7137.json,custom
44.352528,11.720896,osm_nuovo_bar_pineta_44.3525_11.7209,Nuovo Bar Pineta,bar_cafe,bar_cafe,https://raw.githubusercontent.com/pasqualelembo78/huntix-poi/main/italia/emilia-romagna/imola/pages/nuovo_bar_pineta_44.3525_11.7209.json,custom
44.346852,11.712632,osm_bar_dante_44.3469_11.7126,Bar Dante,bar_cafe,bar_cafe,https://raw.githubusercontent.com/pasqualelembo78/huntix-poi/main/italia/emilia-romagna/imola/pages/bar_dante_44.3469_11.7126.json,custom
44.348533,11.715269,osm_bar_machiavelli_44.3485_11.7153,Bar Machiavelli,bar_cafe,bar_cafe,https://raw.githubusercontent.com/pasqualelembo78/huntix-poi/main/italia/emilia-romagna/imola/pages/bar_machiavelli_44.3485_11.7153.json,custom
44.346657,11.686143,osm_bar_lazzarini_44.3467_11.6861,Bar Lazzarini,bar_cafe,bar_cafe,https://raw.githubusercontent.com/pasqualelembo78/huntix-poi/main/italia/emilia-romagna/imola/pages/bar_lazzarini_44.3467_11.6861.json,custom
44.363158,11.718415,osm_bar_cacciatori_44.3632_11.7184,Bar Cacciatori,bar_cafe,bar_cafe,https://raw.githubusercontent.com/pasqualelembo78/huntix-poi/main/italia/emilia-romagna/imola/pages/bar_cacciatori_44.3632_11.7184.json,custom
44.360140,11.691719,osm_lab_44.3601_11.6917,LAB,bar_cafe,bar_cafe,https://raw.githubusercontent.com/pasqualelembo78/huntix-poi/main/italia/emilia-romagna/imola/pages/lab_44.3601_11.6917.json,custom
44.361403,11.721167,osm_fuori_porta_caf__44.3614_11.7212,Fuori Porta Cafè,bar_cafe,bar_cafe,https://raw.githubusercontent.com/pasqualelembo78/huntix-poi/main/italia/emilia-romagna/imola/pages/fuori_porta_caf_44.3614_11.7212.json,custom
44.367091,11.705807,osm_ca__del_pozzo_2_44.3671_11.7058,Ca' del Pozzo 2,bar_cafe,bar_cafe,https://raw.githubusercontent.com/pasqualelembo78/huntix-poi/main/italia/emilia-romagna/imola/pages/ca_del_pozzo_2_44.3671_11.7058.json,custom
44.353473,11.706674,osm_caff__della_rocca_44.3535_11.7067,Caffè della Rocca,bar_cafe,bar_cafe,https://raw.githubusercontent.com/pasqualelembo78/huntix-poi/main/italia/emilia-romagna/imola/pages/caff_della_rocca_44.3535_11.7067.json,custom
