# lat,lng,id,name,building_type,type,url,page_type
# Canicattì -- Tutti
37.352831,13.833983,ov_ospedale_di_canicatt___vogliamo_la_riani_37.3528_13.8340,"Ospedale di Canicattì, vogliamo la Rianimazione",HOSPITAL,hospital,https://raw.githubusercontent.com/pasqualelembo78/huntix-poi/main/italia/sicilia/canicatt/pages/ospedale_di_canicatt_vogliamo_la_rianima_37.3528_13.8340.json,custom
37.352689,13.834512,ov_ospedale_barone_lombardo_37.3527_13.8345,Ospedale Barone Lombardo,HOSPITAL,hospital,https://raw.githubusercontent.com/pasqualelembo78/huntix-poi/main/italia/sicilia/canicatt/pages/ospedale_barone_lombardo_37.3527_13.8345.json,custom
37.351430,13.836230,ov_studio_medico_cardiologico___dr__giusepp_37.3514_13.8362,Studio Medico Cardiologico - Dr. Giuseppe Li Calzi,HOSPITAL,hospital,https://raw.githubusercontent.com/pasqualelembo78/huntix-poi/main/italia/sicilia/canicatt/pages/studio_medico_cardiologico_-_dr_giuseppe_37.3514_13.8362.json,custom
37.385931,13.859552,ov_casale_firriato_37.3859_13.8596,Casale Firriato,RESTAURANT,ristorante,https://raw.githubusercontent.com/pasqualelembo78/huntix-poi/main/italia/sicilia/canicatt/pages/casale_firriato_37.3859_13.8596.json,custom
37.406868,13.869186,ov_la_vecchia_fuazzeria_37.4069_13.8692,La Vecchia Fuazzeria,RESTAURANT,ristorante,https://raw.githubusercontent.com/pasqualelembo78/huntix-poi/main/italia/sicilia/canicatt/pages/la_vecchia_fuazzeria_37.4069_13.8692.json,custom
37.364829,13.818017,ov_villa_tropia_37.3648_13.8180,Villa Tropia,RESTAURANT,ristorante,https://raw.githubusercontent.com/pasqualelembo78/huntix-poi/main/italia/sicilia/canicatt/pages/villa_tropia_37.3648_13.8180.json,custom
37.359167,13.805196,ov_villa_martina_37.3592_13.8052,Villa Martina,RESTAURANT,ristorante,https://raw.githubusercontent.com/pasqualelembo78/huntix-poi/main/italia/sicilia/canicatt/pages/villa_martina_37.3592_13.8052.json,custom
37.349960,13.842660,ov_macelleria_prima_scelta_canicatt__37.3500_13.8427,Macelleria Prima Scelta Canicattì,RESTAURANT,ristorante,https://raw.githubusercontent.com/pasqualelembo78/huntix-poi/main/italia/sicilia/canicatt/pages/macelleria_prima_scelta_canicatt_37.3500_13.8427.json,custom
37.350015,13.837854,ov_ristorante_rose_rouge_37.3500_13.8379,Ristorante Rose Rouge,RESTAURANT,ristorante,https://raw.githubusercontent.com/pasqualelembo78/huntix-poi/main/italia/sicilia/canicatt/pages/ristorante_rose_rouge_37.3500_13.8379.json,custom
37.349785,13.837327,ov_almondor___gusti_siciliani_37.3498_13.8373,Almondor - Gusti Siciliani,RESTAURANT,ristorante,https://raw.githubusercontent.com/pasqualelembo78/huntix-poi/main/italia/sicilia/canicatt/pages/almondor_-_gusti_siciliani_37.3498_13.8373.json,custom
37.352289,13.831909,ov_peperoncino_storie_del_sud_37.3523_13.8319,Peperoncino storie del sud,RESTAURANT,ristorante,https://raw.githubusercontent.com/pasqualelembo78/huntix-poi/main/italia/sicilia/canicatt/pages/peperoncino_storie_del_sud_37.3523_13.8319.json,custom
37.353144,13.830708,ov_ciliegino___pizza__pasta_e_37.3531_13.8307,"Ciliegino - pizza, pasta e",RESTAURANT,ristorante,https://raw.githubusercontent.com/pasqualelembo78/huntix-poi/main/italia/sicilia/canicatt/pages/ciliegino_-_pizza_pasta_e_37.3531_13.8307.json,custom
37.353317,13.836396,ov_pizzeria_ronald_s_37.3533_13.8364,Pizzeria Ronald's,RESTAURANT,ristorante,https://raw.githubusercontent.com/pasqualelembo78/huntix-poi/main/italia/sicilia/canicatt/pages/pizzeria_ronalds_37.3533_13.8364.json,custom
37.354377,13.841535,ov_friends_37.3544_13.8415,Friends,RESTAURANT,ristorante,https://raw.githubusercontent.com/pasqualelembo78/huntix-poi/main/italia/sicilia/canicatt/pages/friends_37.3544_13.8415.json,custom
37.354241,13.841660,ov_ristorante_la_molinara_37.3542_13.8417,Ristorante La Molinara,RESTAURANT,ristorante,https://raw.githubusercontent.com/pasqualelembo78/huntix-poi/main/italia/sicilia/canicatt/pages/ristorante_la_molinara_37.3542_13.8417.json,custom
37.354653,13.843017,ov_m_arricrio_piadineria_artigianale_37.3547_13.8430,M'arricrio Piadineria Artigianale,RESTAURANT,ristorante,https://raw.githubusercontent.com/pasqualelembo78/huntix-poi/main/italia/sicilia/canicatt/pages/marricrio_piadineria_artigianale_37.3547_13.8430.json,custom
37.354858,13.848890,ov_cordiali_37.3549_13.8489,Cordiali,RESTAURANT,ristorante,https://raw.githubusercontent.com/pasqualelembo78/huntix-poi/main/italia/sicilia/canicatt/pages/cordiali_37.3549_13.8489.json,custom
37.353568,13.845466,ov_l_elite_della_pizza_ristorante___pizzeri_37.3536_13.8455,L'Elite della Pizza ristorante - pizzeria,RESTAURANT,ristorante,https://raw.githubusercontent.com/pasqualelembo78/huntix-poi/main/italia/sicilia/canicatt/pages/lelite_della_pizza_ristorante_-_pizzeria_37.3536_13.8455.json,custom
37.353578,13.845062,ov_s_pizzico_37.3536_13.8451,S'Pizzico,RESTAURANT,ristorante,https://raw.githubusercontent.com/pasqualelembo78/huntix-poi/main/italia/sicilia/canicatt/pages/spizzico_37.3536_13.8451.json,custom
37.353107,13.844414,ov_facefood_37.3531_13.8444,Facefood,RESTAURANT,ristorante,https://raw.githubusercontent.com/pasqualelembo78/huntix-poi/main/italia/sicilia/canicatt/pages/facefood_37.3531_13.8444.json,custom
37.352703,13.843425,ov_polli_express_alla_brace_37.3527_13.8434,Polli Express Alla Brace,RESTAURANT,ristorante,https://raw.githubusercontent.com/pasqualelembo78/huntix-poi/main/italia/sicilia/canicatt/pages/polli_express_alla_brace_37.3527_13.8434.json,custom
37.352876,13.843761,ov_pizzeria_payper_37.3529_13.8438,Pizzeria Payper,RESTAURANT,ristorante,https://raw.githubusercontent.com/pasqualelembo78/huntix-poi/main/italia/sicilia/canicatt/pages/pizzeria_payper_37.3529_13.8438.json,custom
37.351898,13.845191,ov_pizza_box_37.3519_13.8452,Pizza Box,RESTAURANT,ristorante,https://raw.githubusercontent.com/pasqualelembo78/huntix-poi/main/italia/sicilia/canicatt/pages/pizza_box_37.3519_13.8452.json,custom
37.352154,13.841595,ov_la_rusticana_37.3522_13.8416,La Rusticana,RESTAURANT,ristorante,https://raw.githubusercontent.com/pasqualelembo78/huntix-poi/main/italia/sicilia/canicatt/pages/la_rusticana_37.3522_13.8416.json,custom
37.352290,13.843750,ov_la_pizzeria_maraligi__37.3523_13.8438,La pizzeria Maraligiò,RESTAURANT,ristorante,https://raw.githubusercontent.com/pasqualelembo78/huntix-poi/main/italia/sicilia/canicatt/pages/la_pizzeria_maraligi_37.3523_13.8438.json,custom
37.352512,13.842850,ov_mordi_e_fuggi_37.3525_13.8428,Mordi e Fuggi,RESTAURANT,ristorante,https://raw.githubusercontent.com/pasqualelembo78/huntix-poi/main/italia/sicilia/canicatt/pages/mordi_e_fuggi_37.3525_13.8428.json,custom
37.352514,13.840527,ov_ipizza_pasta_da_mimmo_37.3525_13.8405,IPizza&pasta da mimmo,RESTAURANT,ristorante,https://raw.githubusercontent.com/pasqualelembo78/huntix-poi/main/italia/sicilia/canicatt/pages/ipizzapasta_da_mimmo_37.3525_13.8405.json,custom
37.352279,13.841303,ov_costanza_passione_d_autore_37.3523_13.8413,Costanza Passione d'Autore,RESTAURANT,ristorante,https://raw.githubusercontent.com/pasqualelembo78/huntix-poi/main/italia/sicilia/canicatt/pages/costanza_passione_dautore_37.3523_13.8413.json,custom
37.351898,13.839777,ov_zamu_37.3519_13.8398,Zamu,RESTAURANT,ristorante,https://raw.githubusercontent.com/pasqualelembo78/huntix-poi/main/italia/sicilia/canicatt/pages/zamu_37.3519_13.8398.json,custom
37.351850,13.840466,ov_doppio_zero_la_pizzeria_37.3518_13.8405,Doppio Zero La Pizzeria,RESTAURANT,ristorante,https://raw.githubusercontent.com/pasqualelembo78/huntix-poi/main/italia/sicilia/canicatt/pages/doppio_zero_la_pizzeria_37.3518_13.8405.json,custom
37.350695,13.841348,ov_le_bon_coin_37.3507_13.8413,Le Bon Coin,RESTAURANT,ristorante,https://raw.githubusercontent.com/pasqualelembo78/huntix-poi/main/italia/sicilia/canicatt/pages/le_bon_coin_37.3507_13.8413.json,custom
37.350682,13.841504,ov_centro_del_pesce_37.3507_13.8415,Centro del Pesce,RESTAURANT,ristorante,https://raw.githubusercontent.com/pasqualelembo78/huntix-poi/main/italia/sicilia/canicatt/pages/centro_del_pesce_37.3507_13.8415.json,custom
37.350209,13.841879,ov_pizzeria_pablo_37.3502_13.8419,Pizzeria Pablo,RESTAURANT,ristorante,https://raw.githubusercontent.com/pasqualelembo78/huntix-poi/main/italia/sicilia/canicatt/pages/pizzeria_pablo_37.3502_13.8419.json,custom
37.350256,13.842818,ov_nonsolopizza_37.3503_13.8428,NonsoloPizza,RESTAURANT,ristorante,https://raw.githubusercontent.com/pasqualelembo78/huntix-poi/main/italia/sicilia/canicatt/pages/nonsolopizza_37.3503_13.8428.json,custom
37.350846,13.843095,ov_monica_pizzeria_ristorante_37.3508_13.8431,Monica Pizzeria Ristorante,RESTAURANT,ristorante,https://raw.githubusercontent.com/pasqualelembo78/huntix-poi/main/italia/sicilia/canicatt/pages/monica_pizzeria_ristorante_37.3508_13.8431.json,custom
37.351222,13.843440,ov_aquanova_hosteria_37.3512_13.8434,Aquanova Hosteria,RESTAURANT,ristorante,https://raw.githubusercontent.com/pasqualelembo78/huntix-poi/main/italia/sicilia/canicatt/pages/aquanova_hosteria_37.3512_13.8434.json,custom
37.351871,13.853174,ov_yuki_sushi_canicatti_37.3519_13.8532,Yuki Sushi Canicatti,RESTAURANT,ristorante,https://raw.githubusercontent.com/pasqualelembo78/huntix-poi/main/italia/sicilia/canicatt/pages/yuki_sushi_canicatti_37.3519_13.8532.json,custom
37.353044,13.851005,ov_pizzeria_snoopy_37.3530_13.8510,Pizzeria Snoopy,RESTAURANT,ristorante,https://raw.githubusercontent.com/pasqualelembo78/huntix-poi/main/italia/sicilia/canicatt/pages/pizzeria_snoopy_37.3530_13.8510.json,custom
37.355057,13.849758,ov_bis_burghy_37.3551_13.8498,Bis Burghy,RESTAURANT,ristorante,https://raw.githubusercontent.com/pasqualelembo78/huntix-poi/main/italia/sicilia/canicatt/pages/bis_burghy_37.3551_13.8498.json,custom
37.355036,13.856080,ov_me_gusta_37.3550_13.8561,Me Gusta,RESTAURANT,ristorante,https://raw.githubusercontent.com/pasqualelembo78/huntix-poi/main/italia/sicilia/canicatt/pages/me_gusta_37.3550_13.8561.json,custom
37.353058,13.859786,ov_bar_shanti_cafe_37.3531_13.8598,Bar Shanti Cafe,RESTAURANT,ristorante,https://raw.githubusercontent.com/pasqualelembo78/huntix-poi/main/italia/sicilia/canicatt/pages/bar_shanti_cafe_37.3531_13.8598.json,custom
37.349730,13.855399,ov_pizzeria_ristorante_costa_s_37.3497_13.8554,Pizzeria Ristorante Costa's,RESTAURANT,ristorante,https://raw.githubusercontent.com/pasqualelembo78/huntix-poi/main/italia/sicilia/canicatt/pages/pizzeria_ristorante_costas_37.3497_13.8554.json,custom
37.362576,13.855878,ov_ni_cuda_calla_a_canicatt__37.3626_13.8559,Ni Cuda Calla a Canicattì,RESTAURANT,ristorante,https://raw.githubusercontent.com/pasqualelembo78/huntix-poi/main/italia/sicilia/canicatt/pages/ni_cuda_calla_a_canicatt_37.3626_13.8559.json,custom
37.362684,13.857925,ov_pizza_and_go_37.3627_13.8579,Pizza And Go,RESTAURANT,ristorante,https://raw.githubusercontent.com/pasqualelembo78/huntix-poi/main/italia/sicilia/canicatt/pages/pizza_and_go_37.3627_13.8579.json,custom
37.362211,13.851336,ov_pizzeria_tacos_37.3622_13.8513,Pizzeria Tacos,RESTAURANT,ristorante,https://raw.githubusercontent.com/pasqualelembo78/huntix-poi/main/italia/sicilia/canicatt/pages/pizzeria_tacos_37.3622_13.8513.json,custom
37.360737,13.852943,ov_la_fuazzeria_37.3607_13.8529,La Fuazzeria,RESTAURANT,ristorante,https://raw.githubusercontent.com/pasqualelembo78/huntix-poi/main/italia/sicilia/canicatt/pages/la_fuazzeria_37.3607_13.8529.json,custom
37.360734,13.850025,ov_ristorante_stella_d_oro_37.3607_13.8500,Ristorante Stella D'oro,RESTAURANT,ristorante,https://raw.githubusercontent.com/pasqualelembo78/huntix-poi/main/italia/sicilia/canicatt/pages/ristorante_stella_doro_37.3607_13.8500.json,custom
37.360230,13.856710,ov_ristorante_belvedere_37.3602_13.8567,Ristorante Belvedere,RESTAURANT,ristorante,https://raw.githubusercontent.com/pasqualelembo78/huntix-poi/main/italia/sicilia/canicatt/pages/ristorante_belvedere_37.3602_13.8567.json,custom
37.355207,13.851897,ov_fantastic_ristorante_pizzeria_37.3552_13.8519,Fantastic Ristorante Pizzeria,RESTAURANT,ristorante,https://raw.githubusercontent.com/pasqualelembo78/huntix-poi/main/italia/sicilia/canicatt/pages/fantastic_ristorante_pizzeria_37.3552_13.8519.json,custom
37.355901,13.849727,ov_papillon_ristorante_pizzeria_37.3559_13.8497,Papillon Ristorante Pizzeria,RESTAURANT,ristorante,https://raw.githubusercontent.com/pasqualelembo78/huntix-poi/main/italia/sicilia/canicatt/pages/papillon_ristorante_pizzeria_37.3559_13.8497.json,custom
37.356427,13.850717,ov_il_ruspante_37.3564_13.8507,Il ruspante,RESTAURANT,ristorante,https://raw.githubusercontent.com/pasqualelembo78/huntix-poi/main/italia/sicilia/canicatt/pages/il_ruspante_37.3564_13.8507.json,custom
37.356860,13.849450,ov_burger__house_37.3569_13.8494,Burger  House,RESTAURANT,ristorante,https://raw.githubusercontent.com/pasqualelembo78/huntix-poi/main/italia/sicilia/canicatt/pages/burger_house_37.3569_13.8494.json,custom
37.357165,13.851087,ov_grande_muraglia_cinese_37.3572_13.8511,Grande Muraglia Cinese,RESTAURANT,ristorante,https://raw.githubusercontent.com/pasqualelembo78/huntix-poi/main/italia/sicilia/canicatt/pages/grande_muraglia_cinese_37.3572_13.8511.json,custom
37.357665,13.849512,ov_charsi_kebab_37.3577_13.8495,Charsi kebab,RESTAURANT,ristorante,https://raw.githubusercontent.com/pasqualelembo78/huntix-poi/main/italia/sicilia/canicatt/pages/charsi_kebab_37.3577_13.8495.json,custom
37.357792,13.850992,ov_capotavola_pizzeria_37.3578_13.8510,Capotavola Pizzeria,RESTAURANT,ristorante,https://raw.githubusercontent.com/pasqualelembo78/huntix-poi/main/italia/sicilia/canicatt/pages/capotavola_pizzeria_37.3578_13.8510.json,custom
37.357980,13.850370,ov_ristorante_grotta_rossa_balera_37.3580_13.8504,Ristorante Grotta Rossa Balera,RESTAURANT,ristorante,https://raw.githubusercontent.com/pasqualelembo78/huntix-poi/main/italia/sicilia/canicatt/pages/ristorante_grotta_rossa_balera_37.3580_13.8504.json,custom
37.357987,13.850460,ov_corte_dei_monaci_37.3580_13.8505,Corte Dei Monaci,RESTAURANT,ristorante,https://raw.githubusercontent.com/pasqualelembo78/huntix-poi/main/italia/sicilia/canicatt/pages/corte_dei_monaci_37.3580_13.8505.json,custom
37.358279,13.850841,ov_kokalos_37.3583_13.8508,Kokalos,RESTAURANT,ristorante,https://raw.githubusercontent.com/pasqualelembo78/huntix-poi/main/italia/sicilia/canicatt/pages/kokalos_37.3583_13.8508.json,custom
37.358670,13.850213,ov_anello_carni_nostrane_37.3587_13.8502,Anello Carni Nostrane,RESTAURANT,ristorante,https://raw.githubusercontent.com/pasqualelembo78/huntix-poi/main/italia/sicilia/canicatt/pages/anello_carni_nostrane_37.3587_13.8502.json,custom
37.359101,13.850362,ov_tr_s_chic_canicatti_37.3591_13.8504,Trés Chic Canicatti,RESTAURANT,ristorante,https://raw.githubusercontent.com/pasqualelembo78/huntix-poi/main/italia/sicilia/canicatt/pages/trs_chic_canicatti_37.3591_13.8504.json,custom
37.359212,13.850373,ov_comida_restaurant_37.3592_13.8504,Comida Restaurant,RESTAURANT,ristorante,https://raw.githubusercontent.com/pasqualelembo78/huntix-poi/main/italia/sicilia/canicatt/pages/comida_restaurant_37.3592_13.8504.json,custom
37.359487,13.851030,ov_salati_piaceri_bellum__37.3595_13.8510,Salati Piaceri Bellumè,RESTAURANT,ristorante,https://raw.githubusercontent.com/pasqualelembo78/huntix-poi/main/italia/sicilia/canicatt/pages/salati_piaceri_bellum_37.3595_13.8510.json,custom
37.359751,13.846426,ov_la_badia___ristorante_pizzeria_location__37.3598_13.8464,La Badia - Ristorante-Pizzeria-Location per Eventi,RESTAURANT,ristorante,https://raw.githubusercontent.com/pasqualelembo78/huntix-poi/main/italia/sicilia/canicatt/pages/la_badia_-_ristorante-pizzeria-location__37.3598_13.8464.json,custom
37.359758,13.846307,ov_fonti_ristopizza_37.3598_13.8463,Fonti RistoPizza,RESTAURANT,ristorante,https://raw.githubusercontent.com/pasqualelembo78/huntix-poi/main/italia/sicilia/canicatt/pages/fonti_ristopizza_37.3598_13.8463.json,custom
37.358650,13.847641,ov_ristorante_gola_37.3587_13.8476,Ristorante Gola,RESTAURANT,ristorante,https://raw.githubusercontent.com/pasqualelembo78/huntix-poi/main/italia/sicilia/canicatt/pages/ristorante_gola_37.3587_13.8476.json,custom
37.358061,13.848933,ov_golden_cafe_37.3581_13.8489,Golden Cafe,RESTAURANT,ristorante,https://raw.githubusercontent.com/pasqualelembo78/huntix-poi/main/italia/sicilia/canicatt/pages/golden_cafe_37.3581_13.8489.json,custom
37.357811,13.848502,ov_la_reggia_di_giardina_rosa_37.3578_13.8485,La Reggia Di Giardina Rosa,RESTAURANT,ristorante,https://raw.githubusercontent.com/pasqualelembo78/huntix-poi/main/italia/sicilia/canicatt/pages/la_reggia_di_giardina_rosa_37.3578_13.8485.json,custom
37.357340,13.847452,ov_peperoncino_37.3573_13.8475,Peperoncino,RESTAURANT,ristorante,https://raw.githubusercontent.com/pasqualelembo78/huntix-poi/main/italia/sicilia/canicatt/pages/peperoncino_37.3573_13.8475.json,custom
37.356666,13.847355,ov_antica_fuata_37.3567_13.8474,Antica Fuata,RESTAURANT,ristorante,https://raw.githubusercontent.com/pasqualelembo78/huntix-poi/main/italia/sicilia/canicatt/pages/antica_fuata_37.3567_13.8474.json,custom
37.356711,13.848963,ov_sake_37.3567_13.8490,Sake,RESTAURANT,ristorante,https://raw.githubusercontent.com/pasqualelembo78/huntix-poi/main/italia/sicilia/canicatt/pages/sake_37.3567_13.8490.json,custom
37.356521,13.848650,ov_piccadilly_37.3565_13.8486,Piccadilly,RESTAURANT,ristorante,https://raw.githubusercontent.com/pasqualelembo78/huntix-poi/main/italia/sicilia/canicatt/pages/piccadilly_37.3565_13.8486.json,custom
37.356030,13.847899,ov_i_carusi_concept_boutique_37.3560_13.8479,I Carusi Concept Boutique,RESTAURANT,ristorante,https://raw.githubusercontent.com/pasqualelembo78/huntix-poi/main/italia/sicilia/canicatt/pages/i_carusi_concept_boutique_37.3560_13.8479.json,custom
37.355461,13.848298,ov_asaro_37.3555_13.8483,Asaro,RESTAURANT,ristorante,https://raw.githubusercontent.com/pasqualelembo78/huntix-poi/main/italia/sicilia/canicatt/pages/asaro_37.3555_13.8483.json,custom
37.355400,13.844489,ov_pizzeria_accardo_37.3554_13.8445,Pizzeria Accardo,RESTAURANT,ristorante,https://raw.githubusercontent.com/pasqualelembo78/huntix-poi/main/italia/sicilia/canicatt/pages/pizzeria_accardo_37.3554_13.8445.json,custom
37.356906,13.819234,ov_sale_e_pepe_37.3569_13.8192,Sale e Pepe,RESTAURANT,ristorante,https://raw.githubusercontent.com/pasqualelembo78/huntix-poi/main/italia/sicilia/canicatt/pages/sale_e_pepe_37.3569_13.8192.json,custom
37.366041,13.854594,ov_l_angolo_del_gusto_37.3660_13.8546,L'Angolo Del Gusto,RESTAURANT,ristorante,https://raw.githubusercontent.com/pasqualelembo78/huntix-poi/main/italia/sicilia/canicatt/pages/langolo_del_gusto_37.3660_13.8546.json,custom
37.367111,13.854190,ov_salumeria_panineria_37.3671_13.8542,Salumeria Panineria,RESTAURANT,ristorante,https://raw.githubusercontent.com/pasqualelembo78/huntix-poi/main/italia/sicilia/canicatt/pages/salumeria_panineria_37.3671_13.8542.json,custom
37.368086,13.855317,ov_ristorante_pizzeria_trattoria_ponticello_37.3681_13.8553,Ristorante Pizzeria Trattoria Ponticello,RESTAURANT,ristorante,https://raw.githubusercontent.com/pasqualelembo78/huntix-poi/main/italia/sicilia/canicatt/pages/ristorante_pizzeria_trattoria_ponticello_37.3681_13.8553.json,custom
37.340699,13.875502,ov_maracuja_canicatt__37.3407_13.8755,Maracuja Canicattì,RESTAURANT,ristorante,https://raw.githubusercontent.com/pasqualelembo78/huntix-poi/main/italia/sicilia/canicatt/pages/maracuja_canicatt_37.3407_13.8755.json,custom
37.340097,13.855859,ov_mi_sushi_37.3401_13.8559,Mi Sushi,RESTAURANT,ristorante,https://raw.githubusercontent.com/pasqualelembo78/huntix-poi/main/italia/sicilia/canicatt/pages/mi_sushi_37.3401_13.8559.json,custom
37.187993,13.770235,ov_ristorante_maracuja_banqueting_37.1880_13.7702,Ristorante Maracuja banqueting,RESTAURANT,ristorante,https://raw.githubusercontent.com/pasqualelembo78/huntix-poi/main/italia/sicilia/canicatt/pages/ristorante_maracuja_banqueting_37.1880_13.7702.json,custom
37.353371,13.836296,osm_ronald_s_37.3534_13.8363,Ronald'S,ristorante,ristorante,https://raw.githubusercontent.com/pasqualelembo78/huntix-poi/main/italia/sicilia/canicatt/pages/ronalds_37.3534_13.8363.json,custom
37.361920,13.796950,ov_snack_bar_37.3619_13.7970,SNACK BAR,RESTAURANT,bar_cafe,https://raw.githubusercontent.com/pasqualelembo78/huntix-poi/main/italia/sicilia/canicatt/pages/snack_bar_37.3619_13.7970.json,custom
37.349568,13.840304,ov_aroma_bar_37.3496_13.8403,Aroma Bar,RESTAURANT,bar_cafe,https://raw.githubusercontent.com/pasqualelembo78/huntix-poi/main/italia/sicilia/canicatt/pages/aroma_bar_37.3496_13.8403.json,custom
37.350094,13.836581,ov_il_paradiso_del_caff__37.3501_13.8366,Il Paradiso Del Caffè,RESTAURANT,bar_cafe,https://raw.githubusercontent.com/pasqualelembo78/huntix-poi/main/italia/sicilia/canicatt/pages/il_paradiso_del_caff_37.3501_13.8366.json,custom
37.353750,13.828220,ov_la_cuevita_37.3537_13.8282,La Cuevita,RESTAURANT,bar_cafe,https://raw.githubusercontent.com/pasqualelembo78/huntix-poi/main/italia/sicilia/canicatt/pages/la_cuevita_37.3537_13.8282.json,custom
37.354443,13.841427,ov_bar_galanthus_37.3544_13.8414,Bar Galanthus,RESTAURANT,bar_cafe,https://raw.githubusercontent.com/pasqualelembo78/huntix-poi/main/italia/sicilia/canicatt/pages/bar_galanthus_37.3544_13.8414.json,custom
37.354213,13.840994,ov_vesuvio_bar_37.3542_13.8410,Vesuvio Bar,RESTAURANT,bar_cafe,https://raw.githubusercontent.com/pasqualelembo78/huntix-poi/main/italia/sicilia/canicatt/pages/vesuvio_bar_37.3542_13.8410.json,custom
37.354230,13.846149,ov_marrons_glac_s_canicatt__37.3542_13.8461,Marrons Glacès Canicattì,RESTAURANT,bar_cafe,https://raw.githubusercontent.com/pasqualelembo78/huntix-poi/main/italia/sicilia/canicatt/pages/marrons_glacs_canicatt_37.3542_13.8461.json,custom
37.352940,13.844980,ov_via_monsignor_ficarra_5_37.3529_13.8450,Via Monsignor Ficarra 5,RESTAURANT,bar_cafe,https://raw.githubusercontent.com/pasqualelembo78/huntix-poi/main/italia/sicilia/canicatt/pages/via_monsignor_ficarra_5_37.3529_13.8450.json,custom
37.352830,13.843678,ov_la_bottega_del_caff__di_li_calzi_37.3528_13.8437,La Bottega Del Caffè di Li Calzi,RESTAURANT,bar_cafe,https://raw.githubusercontent.com/pasqualelembo78/huntix-poi/main/italia/sicilia/canicatt/pages/la_bottega_del_caff_di_li_calzi_37.3528_13.8437.json,custom
37.352790,13.844652,ov_le_comptoir_lounge_bar_panineria_piadine_37.3528_13.8447,Le Comptoir Lounge Bar Panineria Piadineria,RESTAURANT,bar_cafe,https://raw.githubusercontent.com/pasqualelembo78/huntix-poi/main/italia/sicilia/canicatt/pages/le_comptoir_lounge_bar_panineria_piadine_37.3528_13.8447.json,custom
37.352509,13.847090,ov_agip_bar_37.3525_13.8471,Agip bar,RESTAURANT,bar_cafe,https://raw.githubusercontent.com/pasqualelembo78/huntix-poi/main/italia/sicilia/canicatt/pages/agip_bar_37.3525_13.8471.json,custom
37.352107,13.844035,ov_tiffany_champagne_and_wine_bar_37.3521_13.8440,Tiffany Champagne and Wine Bar,RESTAURANT,bar_cafe,https://raw.githubusercontent.com/pasqualelembo78/huntix-poi/main/italia/sicilia/canicatt/pages/tiffany_champagne_and_wine_bar_37.3521_13.8440.json,custom
37.352213,13.845131,ov_real_caffe_37.3522_13.8451,Real Caffe,RESTAURANT,bar_cafe,https://raw.githubusercontent.com/pasqualelembo78/huntix-poi/main/italia/sicilia/canicatt/pages/real_caffe_37.3522_13.8451.json,custom
37.351716,13.835464,ov_coffee_experience_37.3517_13.8355,Coffee Experience,RESTAURANT,bar_cafe,https://raw.githubusercontent.com/pasqualelembo78/huntix-poi/main/italia/sicilia/canicatt/pages/coffee_experience_37.3517_13.8355.json,custom
37.351618,13.838735,ov_chez_vous_michele_giordano_37.3516_13.8387,Chez Vous Michele Giordano,RESTAURANT,bar_cafe,https://raw.githubusercontent.com/pasqualelembo78/huntix-poi/main/italia/sicilia/canicatt/pages/chez_vous_michele_giordano_37.3516_13.8387.json,custom
37.351763,13.839432,ov_caff__millenium_37.3518_13.8394,Caffè Millenium,RESTAURANT,bar_cafe,https://raw.githubusercontent.com/pasqualelembo78/huntix-poi/main/italia/sicilia/canicatt/pages/caff_millenium_37.3518_13.8394.json,custom
37.351763,13.839432,ov_pause_caf__37.3518_13.8394,Pause Cafè,RESTAURANT,bar_cafe,https://raw.githubusercontent.com/pasqualelembo78/huntix-poi/main/italia/sicilia/canicatt/pages/pause_caf_37.3518_13.8394.json,custom
37.350645,13.836748,ov_caffe_letterario_tra_le_righe_37.3506_13.8367,Caffe Letterario Tra Le Righe,RESTAURANT,bar_cafe,https://raw.githubusercontent.com/pasqualelembo78/huntix-poi/main/italia/sicilia/canicatt/pages/caffe_letterario_tra_le_righe_37.3506_13.8367.json,custom
37.351174,13.843312,ov_cafe_time_37.3512_13.8433,Cafe Time,RESTAURANT,bar_cafe,https://raw.githubusercontent.com/pasqualelembo78/huntix-poi/main/italia/sicilia/canicatt/pages/cafe_time_37.3512_13.8433.json,custom
37.351174,13.843302,ov_caf__noir_37.3512_13.8433,Cafè Noir,RESTAURANT,bar_cafe,https://raw.githubusercontent.com/pasqualelembo78/huntix-poi/main/italia/sicilia/canicatt/pages/caf_noir_37.3512_13.8433.json,custom
37.354760,13.852655,ov_caffe_de_amicis_37.3548_13.8527,Caffe De Amicis,RESTAURANT,bar_cafe,https://raw.githubusercontent.com/pasqualelembo78/huntix-poi/main/italia/sicilia/canicatt/pages/caffe_de_amicis_37.3548_13.8527.json,custom
37.362976,13.854550,ov_bar_code_37.3630_13.8546,Bar Code,RESTAURANT,bar_cafe,https://raw.githubusercontent.com/pasqualelembo78/huntix-poi/main/italia/sicilia/canicatt/pages/bar_code_37.3630_13.8546.json,custom
37.362824,13.860370,ov_enoteca_artevino_37.3628_13.8604,Enoteca Artevino,RESTAURANT,bar_cafe,https://raw.githubusercontent.com/pasqualelembo78/huntix-poi/main/italia/sicilia/canicatt/pages/enoteca_artevino_37.3628_13.8604.json,custom
37.361372,13.850414,ov_bar_royal_37.3614_13.8504,Bar Royal,RESTAURANT,bar_cafe,https://raw.githubusercontent.com/pasqualelembo78/huntix-poi/main/italia/sicilia/canicatt/pages/bar_royal_37.3614_13.8504.json,custom
37.361232,13.850369,ov_bar_charlie_37.3612_13.8504,Bar Charlie,RESTAURANT,bar_cafe,https://raw.githubusercontent.com/pasqualelembo78/huntix-poi/main/italia/sicilia/canicatt/pages/bar_charlie_37.3612_13.8504.json,custom
37.356093,13.850269,ov_il_coyote_wine_bar_37.3561_13.8503,Il Coyote Wine Bar,RESTAURANT,bar_cafe,https://raw.githubusercontent.com/pasqualelembo78/huntix-poi/main/italia/sicilia/canicatt/pages/il_coyote_wine_bar_37.3561_13.8503.json,custom
37.356370,13.849703,ov_la_dolce_vita_bar_37.3564_13.8497,La Dolce Vita Bar,RESTAURANT,bar_cafe,https://raw.githubusercontent.com/pasqualelembo78/huntix-poi/main/italia/sicilia/canicatt/pages/la_dolce_vita_bar_37.3564_13.8497.json,custom
37.356350,13.850527,ov_enoteca_la_torre_37.3563_13.8505,Enoteca La Torre,RESTAURANT,bar_cafe,https://raw.githubusercontent.com/pasqualelembo78/huntix-poi/main/italia/sicilia/canicatt/pages/enoteca_la_torre_37.3563_13.8505.json,custom
37.356463,13.850710,ov_caffe_la_torre_37.3565_13.8507,Caffe La Torre,RESTAURANT,bar_cafe,https://raw.githubusercontent.com/pasqualelembo78/huntix-poi/main/italia/sicilia/canicatt/pages/caffe_la_torre_37.3565_13.8507.json,custom
37.357363,13.851085,ov_holiday_cafe_37.3574_13.8511,Holiday Cafe,RESTAURANT,bar_cafe,https://raw.githubusercontent.com/pasqualelembo78/huntix-poi/main/italia/sicilia/canicatt/pages/holiday_cafe_37.3574_13.8511.json,custom
37.357221,13.849622,ov_cortile_bar_siciliano_37.3572_13.8496,Cortile Bar Siciliano,RESTAURANT,bar_cafe,https://raw.githubusercontent.com/pasqualelembo78/huntix-poi/main/italia/sicilia/canicatt/pages/cortile_bar_siciliano_37.3572_13.8496.json,custom
37.357963,13.850431,ov_bar_giordano_canicatt__37.3580_13.8504,Bar Giordano Canicattì,RESTAURANT,bar_cafe,https://raw.githubusercontent.com/pasqualelembo78/huntix-poi/main/italia/sicilia/canicatt/pages/bar_giordano_canicatt_37.3580_13.8504.json,custom
37.359629,13.853332,ov_cafe_bistrot_37.3596_13.8533,Cafe Bistrot,RESTAURANT,bar_cafe,https://raw.githubusercontent.com/pasqualelembo78/huntix-poi/main/italia/sicilia/canicatt/pages/cafe_bistrot_37.3596_13.8533.json,custom
37.359066,13.849760,ov_caffetteria_del_parnaso_37.3591_13.8498,Caffetteria Del Parnaso,RESTAURANT,bar_cafe,https://raw.githubusercontent.com/pasqualelembo78/huntix-poi/main/italia/sicilia/canicatt/pages/caffetteria_del_parnaso_37.3591_13.8498.json,custom
37.359370,13.850960,ov_aperitif_vintage_drink_37.3594_13.8510,Aperitif Vintage Drink,RESTAURANT,bar_cafe,https://raw.githubusercontent.com/pasqualelembo78/huntix-poi/main/italia/sicilia/canicatt/pages/aperitif_vintage_drink_37.3594_13.8510.json,custom
37.360006,13.850182,ov_bar_lux_37.3600_13.8502,Bar Lux,RESTAURANT,bar_cafe,https://raw.githubusercontent.com/pasqualelembo78/huntix-poi/main/italia/sicilia/canicatt/pages/bar_lux_37.3600_13.8502.json,custom
37.357356,13.847461,ov_bonkei_37.3574_13.8475,Bonkei,RESTAURANT,bar_cafe,https://raw.githubusercontent.com/pasqualelembo78/huntix-poi/main/italia/sicilia/canicatt/pages/bonkei_37.3574_13.8475.json,custom
37.357057,13.847658,ov_doppiomalto_music_pub_37.3571_13.8477,Doppiomalto Music Pub,RESTAURANT,bar_cafe,https://raw.githubusercontent.com/pasqualelembo78/huntix-poi/main/italia/sicilia/canicatt/pages/doppiomalto_music_pub_37.3571_13.8477.json,custom
37.357114,13.847280,ov_adenzia_sicily_industrial_37.3571_13.8473,Adenzia Sicily Industrial,RESTAURANT,bar_cafe,https://raw.githubusercontent.com/pasqualelembo78/huntix-poi/main/italia/sicilia/canicatt/pages/adenzia_sicily_industrial_37.3571_13.8473.json,custom
37.356840,13.847049,ov_dammusu_37.3568_13.8470,Dammusu,RESTAURANT,bar_cafe,https://raw.githubusercontent.com/pasqualelembo78/huntix-poi/main/italia/sicilia/canicatt/pages/dammusu_37.3568_13.8470.json,custom
37.356756,13.847702,ov_vicolo_stretto_canicatt__37.3568_13.8477,Vicolo Stretto Canicattì,RESTAURANT,bar_cafe,https://raw.githubusercontent.com/pasqualelembo78/huntix-poi/main/italia/sicilia/canicatt/pages/vicolo_stretto_canicatt_37.3568_13.8477.json,custom
37.356823,13.847494,ov_c_work_in_progress_37.3568_13.8475,C work in progress,RESTAURANT,bar_cafe,https://raw.githubusercontent.com/pasqualelembo78/huntix-poi/main/italia/sicilia/canicatt/pages/c_work_in_progress_37.3568_13.8475.json,custom
37.356933,13.848362,ov_cortiletto_la_valle_37.3569_13.8484,Cortiletto La VALLE,RESTAURANT,bar_cafe,https://raw.githubusercontent.com/pasqualelembo78/huntix-poi/main/italia/sicilia/canicatt/pages/cortiletto_la_valle_37.3569_13.8484.json,custom
37.356635,13.848707,ov_enoteca_syrah_37.3566_13.8487,Enoteca Syrah,RESTAURANT,bar_cafe,https://raw.githubusercontent.com/pasqualelembo78/huntix-poi/main/italia/sicilia/canicatt/pages/enoteca_syrah_37.3566_13.8487.json,custom
37.356561,13.848721,ov_bar_italia_37.3566_13.8487,Bar Italia,RESTAURANT,bar_cafe,https://raw.githubusercontent.com/pasqualelembo78/huntix-poi/main/italia/sicilia/canicatt/pages/bar_italia_37.3566_13.8487.json,custom
37.355701,13.845230,ov_dylan_dog_horror_pub_37.3557_13.8452,Dylan Dog horror Pub,RESTAURANT,bar_cafe,https://raw.githubusercontent.com/pasqualelembo78/huntix-poi/main/italia/sicilia/canicatt/pages/dylan_dog_horror_pub_37.3557_13.8452.json,custom
37.368050,13.853645,ov_bar_del_sole_37.3680_13.8536,Bar Del Sole,RESTAURANT,bar_cafe,https://raw.githubusercontent.com/pasqualelembo78/huntix-poi/main/italia/sicilia/canicatt/pages/bar_del_sole_37.3680_13.8536.json,custom
37.385326,13.791608,ov_tav_carlino_37.3853_13.7916,Tav Carlino,GYM,palestra,https://raw.githubusercontent.com/pasqualelembo78/huntix-poi/main/italia/sicilia/canicatt/pages/tav_carlino_37.3853_13.7916.json,custom
37.349970,13.841310,ov_minicar_canicatti_37.3500_13.8413,Minicar Canicatti,GYM,palestra,https://raw.githubusercontent.com/pasqualelembo78/huntix-poi/main/italia/sicilia/canicatt/pages/minicar_canicatti_37.3500_13.8413.json,custom
37.353620,13.832020,ov_green_planet_arena_37.3536_13.8320,Green Planet Arena,GYM,palestra,https://raw.githubusercontent.com/pasqualelembo78/huntix-poi/main/italia/sicilia/canicatt/pages/green_planet_arena_37.3536_13.8320.json,custom
37.354250,13.835290,ov_giada_dance_academy_37.3543_13.8353,Giada Dance Academy,GYM,palestra,https://raw.githubusercontent.com/pasqualelembo78/huntix-poi/main/italia/sicilia/canicatt/pages/giada_dance_academy_37.3543_13.8353.json,custom
37.351618,13.844769,ov_artedanza_fitness_club___ins__letizia_mi_37.3516_13.8448,Artedanza Fitness Club - Ins. Letizia Milanese,GYM,palestra,https://raw.githubusercontent.com/pasqualelembo78/huntix-poi/main/italia/sicilia/canicatt/pages/artedanza_fitness_club_-_ins_letizia_mil_37.3516_13.8448.json,custom
37.348616,13.854761,ov_palestra_olimpica_37.3486_13.8548,Palestra Olimpica,GYM,palestra,https://raw.githubusercontent.com/pasqualelembo78/huntix-poi/main/italia/sicilia/canicatt/pages/palestra_olimpica_37.3486_13.8548.json,custom
37.355739,13.853994,ov_wellness_project_37.3557_13.8540,Wellness Project,GYM,palestra,https://raw.githubusercontent.com/pasqualelembo78/huntix-poi/main/italia/sicilia/canicatt/pages/wellness_project_37.3557_13.8540.json,custom
37.355167,13.855807,ov_beauty___relax_37.3552_13.8558,Beauty & Relax,GYM,palestra,https://raw.githubusercontent.com/pasqualelembo78/huntix-poi/main/italia/sicilia/canicatt/pages/beauty_relax_37.3552_13.8558.json,custom
37.357239,13.851110,ov_leones_fitness_club_37.3572_13.8511,Leones Fitness Club,GYM,palestra,https://raw.githubusercontent.com/pasqualelembo78/huntix-poi/main/italia/sicilia/canicatt/pages/leones_fitness_club_37.3572_13.8511.json,custom
37.358051,13.857879,ov_a_s_d_gym_tonic_37.3581_13.8579,A.S.D Gym Tonic,GYM,palestra,https://raw.githubusercontent.com/pasqualelembo78/huntix-poi/main/italia/sicilia/canicatt/pages/asd_gym_tonic_37.3581_13.8579.json,custom
37.355626,13.844097,ov_eidos_health_club_37.3556_13.8441,Eidos Health Club,GYM,palestra,https://raw.githubusercontent.com/pasqualelembo78/huntix-poi/main/italia/sicilia/canicatt/pages/eidos_health_club_37.3556_13.8441.json,custom
37.355503,13.844050,ov_palestra_eidos_health_club_37.3555_13.8440,Palestra Eidos Health Club,GYM,palestra,https://raw.githubusercontent.com/pasqualelembo78/huntix-poi/main/italia/sicilia/canicatt/pages/palestra_eidos_health_club_37.3555_13.8440.json,custom
37.368413,13.856047,ov_eracle_ginnastica_37.3684_13.8560,Eracle Ginnastica,GYM,palestra,https://raw.githubusercontent.com/pasqualelembo78/huntix-poi/main/italia/sicilia/canicatt/pages/eracle_ginnastica_37.3684_13.8560.json,custom
37.358383,13.849553,ov_monumento_ai_caduti_canicatti__37.3584_13.8496,Monumento ai Caduti Canicatti’,MONUMENT,monumento,https://raw.githubusercontent.com/pasqualelembo78/huntix-poi/main/italia/sicilia/canicatt/pages/monumento_ai_caduti_canicatti_37.3584_13.8496.json,custom
37.358910,13.849155,ov_luce___antica_strata_di_li_negozi_37.3589_13.8492,Luce - Antica Strata Di Li Negozi,MUSEUM,monumento,https://raw.githubusercontent.com/pasqualelembo78/huntix-poi/main/italia/sicilia/canicatt/pages/luce_-_antica_strata_di_li_negozi_37.3589_13.8492.json,custom
37.357144,13.847650,ov_palazzo_la_lomia_37.3571_13.8477,Palazzo La Lomia,MUSEUM,monumento,https://raw.githubusercontent.com/pasqualelembo78/huntix-poi/main/italia/sicilia/canicatt/pages/palazzo_la_lomia_37.3571_13.8477.json,custom
37.352045,13.837196,ov_tribunale_di_agrigento_37.3520_13.8372,Tribunale di Agrigento,GOVERNMENT,ufficio_pubblico,https://raw.githubusercontent.com/pasqualelembo78/huntix-poi/main/italia/sicilia/canicatt/pages/tribunale_di_agrigento_37.3520_13.8372.json,custom
37.353427,13.831928,ov_fondazione_giovanni_guarino_amella_37.3534_13.8319,Fondazione Giovanni Guarino Amella,LIBRARY,biblioteca,https://raw.githubusercontent.com/pasqualelembo78/huntix-poi/main/italia/sicilia/canicatt/pages/fondazione_giovanni_guarino_amella_37.3534_13.8319.json,custom
